0.9866874 0.5753381 0.4379745
1.4181995 0.2863184 0.2954820
0.8095194 0.7919910 0.3984896
1.5739306 0.1998334 0.2262360
0.7855250 0.7916440 0.4228309
1.6206613 0.1979841 0.1813546
1.1903749 0.5363907 0.2732344
1.1585977 0.5389373 0.3024651
1.5440514 0.2418953 0.2140533
0.7102444 0.9851424 0.3046133
0.7757952 0.8944398 0.3297651
1.6659944 0.1551693 0.1788362
0.9646364 0.7630016 0.2723619
1.2980950 0.4570940 0.2448109
0.9523335 0.7570693 0.2905973
1.4235473 0.3170962 0.2593564
0.8745613 0.8396935 0.2857450
1.2214682 0.4459500 0.3325817
0.9971772 0.4155318 0.5872909
1.4006016 0.2900496 0.3093488
1.1411569 0.6044954 0.2543477
1.0589306 0.6704751 0.2705943
0.8821206 0.7523191 0.3655604
1.4910288 0.2711794 0.2377919
0.9046074 0.8252832 0.2701094
1.6979718 0.1408637 0.1611644
0.7543924 0.9663749 0.2792327
1.1596277 0.6108276 0.2295447
1.3582850 0.4019892 0.2397259
1.3098279 0.3632348 0.3269373
0.5992577 0.8298044 0.5709379
0.8825617 0.8093197 0.3081186
1.1666942 0.5587060 0.2745998
1.3129344 0.3073157 0.3797499
1.1785491 0.5362121 0.2852389
1.5162596 0.2401067 0.2436337
1.3102201 0.4752740 0.2145059
1.3415682 0.4158295 0.2426021
0.5837361 1.0670011 0.3492629
1.4504426 0.2903762 0.2591812
1.6650364 0.1436477 0.1913159
0.7220176 0.8297688 0.4482135
1.3642809 0.3810215 0.2546976
0.9306740 0.7483139 0.3210123
0.9133752 0.4940842 0.5925406
1.6899993 0.1381897 0.1718109
1.0067511 0.6750131 0.3182358
1.5708034 0.2360340 0.1931626
1.0972683 0.5683202 0.3344114
1.5109575 0.2524379 0.2366046
1.5940666 0.2178859 0.1880475
0.9956919 0.7430117 0.2612965
1.6768540 0.1618954 0.1612506
1.4759445 0.2799057 0.2441498
1.0602020 0.5092250 0.4305730
1.5041125 0.2775305 0.2183571
1.4998817 0.2605125 0.2396058
0.7559755 0.6363254 0.6076992
1.2749720 0.4469632 0.2780648
1.5731267 0.2107606 0.2161127
0.7619579 0.8873527 0.3506894
1.5553671 0.1975446 0.2470883
0.8992529 0.7309988 0.3697484
1.2114098 0.4498997 0.3386906
1.2613766 0.4587350 0.2798882
1.2523282 0.4358545 0.3118175
1.4772666 0.3061785 0.2165550
1.2445749 0.5085585 0.2468666
1.1106362 0.6258413 0.2635224
1.4768016 0.1908987 0.3322997
0.8003538 0.8853028 0.3143434
0.6242910 1.0659057 0.3098033
0.7099841 0.9125123 0.3775036
1.6542158 0.1569494 0.1888348
0.5197057 1.2002528 0.2800417
0.9946386 0.7032931 0.3020684
0.8227578 0.8922342 0.2850078
1.0289071 0.6739244 0.2971686
1.0414913 0.6823649 0.2761438
1.1621146 0.5857848 0.2521004
1.5145271 0.2779346 0.2075382
0.5585704 1.1303639 0.3110657
0.7730199 0.8824862 0.3444940
1.2672822 0.4922713 0.2404464
0.6537287 0.9156961 0.4305752
0.6066852 0.9425752 0.4507395
1.6688976 0.1696915 0.1614108
0.8113346 0.9084489 0.2802166
0.8648068 0.6328146 0.5023785
0.7172567 0.7951299 0.4876134
0.8734524 0.4460443 0.6805034
1.1819632 0.4507905 0.3672464
1.0664511 0.5636266 0.3699223
1.5199032 0.2760081 0.2040887
0.9048460 0.4575396 0.6376144
0.8872568 0.7304900 0.3822533
0.9871621 0.7405031 0.2723347
1.3758998 0.3350052 0.2890951
0.6158838 0.7004061 0.6837100
1.2993577 0.3494986 0.3511437
0.9089159 0.6753882 0.4156959
1.5180926 0.2651010 0.2168064
1.0601822 0.6852607 0.2545571
1.6554588 0.1727444 0.1717968
0.6764663 0.6770801 0.6464535
0.8211788 0.7620961 0.4167251
1.7473350 0.1107969 0.1418680
1.4319723 0.2727933 0.2952345
1.6660762 0.1764493 0.1574744
0.5038472 1.2426062 0.2535465
1.6445762 0.1796012 0.1758226
0.8180609 0.6532001 0.5287390
1.7247868 0.1212256 0.1539877
0.8799136 0.8067499 0.3133366
1.2305810 0.3571303 0.4122887
1.2669852 0.4609772 0.2720376
1.6580240 0.1576412 0.1843349
1.3676546 0.3248296 0.3075158
1.5473857 0.1931873 0.2594271
1.2966430 0.4190502 0.2843067
1.6612663 0.1628022 0.1759314
1.1606605 0.5147910 0.3245486
1.2950666 0.2890900 0.4158435
1.2382708 0.4915079 0.2702214
1.4272814 0.3170733 0.2556453
0.4498924 1.2937760 0.2563315
0.8413202 0.8798188 0.2788610
1.2045573 0.4601349 0.3353078
1.0124223 0.5950840 0.3924937
1.3174515 0.4406384 0.2419103
1.1100791 0.6377587 0.2521622
0.8863317 0.8127400 0.3009285
0.9916438 0.7492017 0.2591544
0.8585312 0.7945814 0.3468873
0.6875952 0.9815241 0.3308807
1.5669241 0.2243870 0.2086888
1.5021610 0.2305425 0.2672965
1.6580632 0.1583204 0.1836165
1.5433855 0.2396403 0.2169742
0.7887285 0.9058369 0.3054345
1.7157822 0.1260772 0.1581406
1.4369676 0.2848783 0.2781542
1.5739963 0.1884667 0.2375370
1.0258476 0.6994607 0.2746918
0.6980510 0.9869565 0.3149924
1.2305899 0.4796264 0.2897837
1.6143931 0.1676225 0.2179843
1.0121967 0.6796534 0.3081500
1.6280100 0.1842082 0.1877817
1.4544954 0.3166373 0.2288674
1.3794124 0.3774492 0.2431385
1.5069644 0.2582639 0.2347715
1.1841853 0.4910636 0.3247512
1.1085522 0.6073797 0.2840681
0.8015633 0.5509216 0.6475152
1.3398297 0.3970496 0.2631207
1.5293658 0.1702008 0.3004335
1.7211585 0.1128993 0.1659423
1.4539008 0.2447425 0.3013567
0.7229297 0.6577949 0.6192753
1.0450461 0.6454905 0.3094634
0.8362875 0.8969246 0.2667878
1.6605747 0.1759393 0.1634860
1.0770791 0.6433712 0.2795498
1.2180486 0.5220301 0.2599214
0.9640267 0.6667778 0.3691955
1.6006439 0.2116866 0.1876694
1.5511435 0.2185523 0.2303042
1.6915263 0.1469052 0.1615686
1.3889503 0.2445845 0.3664652
0.8537295 0.5720664 0.5742040
0.5569057 0.7870358 0.6560584
1.0026507 0.6953062 0.3020430
0.4962792 1.2428609 0.2608600
0.6019087 1.1040959 0.2939954
1.5794966 0.2477330 0.1727703
0.9060681 0.6403606 0.4535713
1.3810785 0.3353155 0.2836061
1.6797221 0.1346070 0.1856708
1.0899197 0.5413995 0.3686809
1.1339927 0.6012148 0.2647925
1.1797327 0.3002518 0.5200155
1.1319065 0.5131454 0.3549479
1.0779229 0.6704488 0.2516282
1.3754430 0.3173465 0.3072104
1.7049217 0.1410563 0.1540219
0.9893829 0.6630989 0.3475182
1.3332573 0.4258027 0.2409400
1.2214216 0.4453631 0.3332153
1.4825780 0.2388259 0.2785960
0.8202425 0.8661993 0.3135583
1.5455625 0.1891603 0.2652771
1.6064358 0.1747576 0.2188067
1.6574600 0.1669138 0.1756261
1.4486423 0.2229601 0.3283975
1.4799016 0.2540168 0.2660816
0.7502767 0.9400541 0.3096691
1.5571862 0.1959188 0.2468949
1.6677535 0.1541231 0.1781236
1.7177739 0.1341596 0.1480665
1.3686938 0.3456115 0.2856946
1.5261617 0.2666928 0.2071456
1.3762875 0.3990720 0.2246406
1.1155249 0.5389885 0.3454867
1.6392695 0.1770607 0.1836699
0.9814835 0.7402248 0.2782919
1.7227545 0.1191749 0.1580706
1.7157550 0.1345472 0.1496978
1.4939179 0.2848473 0.2212349
1.3960657 0.3889395 0.2149949
0.9769904 0.7504293 0.2725802
1.3129278 0.4027331 0.2843391
1.3892397 0.3625864 0.2481740
1.2680713 0.4192877 0.3126409
1.4611871 0.3256965 0.2131164
1.3719385 0.4158453 0.2122162
1.6271381 0.1793177 0.1935444
1.5970705 0.2058533 0.1970764
1.6041098 0.2126580 0.1832322
0.8621639 0.3759446 0.7618914
1.4587495 0.2573740 0.2838766
0.6931504 0.9354166 0.3714329
1.3514910 0.4314733 0.2170357
1.7096180 0.1280022 0.1623797
0.7854843 0.9360076 0.2785082
1.5100501 0.2554996 0.2344504
1.3056431 0.3100249 0.3843321
1.4327826 0.3238906 0.2433268
0.8481709 0.8417358 0.3100933
0.4952486 1.2409790 0.2637725
1.3113785 0.4195105 0.2691109
1.2027879 0.4295763 0.3676358
0.4485642 1.3009410 0.2504949
1.5806949 0.2276993 0.1916058
1.3944249 0.3776030 0.2279721
1.6786946 0.1564513 0.1648540
1.6254022 0.1811662 0.1934316
1.4051347 0.3174751 0.2773902
0.7979200 0.9198804 0.2821996
0.6093284 0.8591051 0.5315665
1.0118005 0.6637566 0.3244428
1.4157525 0.3024763 0.2817712
0.8913857 0.7200670 0.3885472
1.0583334 0.6739302 0.2677364
0.7892294 0.7858970 0.4248736
1.0471925 0.6076578 0.3451497
0.5440400 1.1196854 0.3362744
1.3710325 0.3609101 0.2680573
1.2904651 0.4827471 0.2267878
1.3019835 0.4494358 0.2485808
1.6650227 0.1718200 0.1631574
1.4270571 0.3444154 0.2285275
1.2120757 0.4083473 0.3795770
1.6479691 0.1662386 0.1857922
1.4221109 0.2762209 0.3016681
1.5766778 0.2008688 0.2224535
1.6201215 0.1645565 0.2153220
1.3821437 0.3328398 0.2850164
1.6829413 0.1436826 0.1733760
1.4527063 0.3338242 0.2134695
1.3027220 0.3611292 0.3361488
1.2655855 0.3779577 0.3564568
0.6401570 0.9628060 0.3970371
0.9909799 0.7241127 0.2849074
1.6513139 0.1742353 0.1744508
1.5110878 0.2775655 0.2113466
1.1301510 0.4310594 0.4387896
1.5531616 0.2424164 0.2044222
1.2463664 0.4736581 0.2799755
0.6094534 1.0452890 0.3452576
0.8672860 0.7283790 0.4043350
1.6733027 0.1512393 0.1754581
0.7265814 0.9723734 0.3010451
0.9368107 0.7351497 0.3280397
0.7850775 0.5193582 0.6955643
1.6033777 0.1926410 0.2039813
0.8188415 0.6869030 0.4942555
0.8097981 0.8854474 0.3047544
1.4297481 0.3406364 0.2296155
1.2959163 0.3492286 0.3548550
0.6973161 0.8539631 0.4487208
1.4520056 0.3129968 0.2349974
1.1903210 0.4779909 0.3316882
0.8034459 0.9196978 0.2768562
0.9453254 0.7890001 0.2656746
0.9308726 0.7162656 0.3528618
1.3158885 0.3902353 0.2938762
1.4908450 0.2838983 0.2252568
1.4320214 0.2056201 0.3623585
1.0977683 0.6304710 0.2717607
1.6586022 0.1605592 0.1808386
1.3885419 0.3575799 0.2538780
1.5953009 0.1778810 0.2268179
1.1315496 0.5600327 0.3084177
1.3004053 0.4062074 0.2933874
1.2321528 0.5367926 0.2310547
1.4421337 0.3059441 0.2519221
0.2017451 0.1487969 1.6494579
0.2014099 0.2676282 1.5309619
0.1963219 0.1395785 1.6640996
0.2035328 0.1952197 1.6012475
0.1793869 0.1446625 1.6759505
0.2253319 0.2696597 1.5050083
0.1684164 0.1151826 1.7164010
0.3464766 0.3683393 1.2851841
0.2321977 0.1933643 1.5744380
0.2339024 0.2520112 1.5140865
0.2014116 0.2000579 1.5985305
0.2182258 0.2883476 1.4934266
0.2058592 0.1954632 1.5986776
0.2511372 0.3431317 1.4057312
0.1439950 0.1062812 1.7497238
0.2360899 0.2398158 1.5240943
0.1897384 0.1419008 1.6683608
0.1715123 0.1663105 1.6621773
0.2999589 0.8336062 0.8664349
0.2126279 0.2147068 1.5726655
0.1595174 0.1249700 1.7155125
0.2065055 0.1640047 1.6294897
0.2236849 0.2926736 1.4836416
0.1495230 0.1101870 1.7402899
0.2840338 0.1959565 1.5200098
0.1822696 0.1379703 1.6797600
0.1817729 0.1647932 1.6534339
0.2335685 0.3586741 1.4077573
0.3621054 0.2819874 1.3559072
0.2529445 0.1738642 1.5731914
0.1540357 0.1326233 1.7133409
0.2178926 0.1811845 1.6009229
0.2994296 0.3413308 1.3592396
0.1693360 0.1673241 1.6633399
0.1771777 0.1350167 1.6878057
0.4008666 0.3112465 1.2878869
0.2968718 0.2741930 1.4289353
0.1808187 0.1353929 1.6837883
0.1876717 0.1201888 1.6921396
0.2468172 0.2139108 1.5392721
0.2627639 0.3089725 1.4282635
0.1510958 0.1158150 1.7330892
0.1730025 0.1753941 1.6516035
0.2429456 0.1943909 1.5626633
0.1675425 0.1283234 1.7041340
0.2627257 0.2380007 1.4992735
0.2703573 0.3717141 1.3579286
0.1973739 0.1833622 1.6192639
0.2101962 0.1575061 1.6322976
0.1719521 0.1175526 1.7104955
0.2986987 0.3173454 1.3839558
0.1346497 0.1147873 1.7505629
0.1776802 0.1358167 1.6865031
0.2039572 0.1704110 1.6256318
0.1877170 0.1417224 1.6705607
0.2155418 0.1546739 1.6297842
0.1769622 0.1354230 1.6876148
0.1946042 0.1709992 1.6343966
0.2325338 0.1996834 1.5677829
0.3147463 0.3280501 1.3572037
0.1934922 0.1701323 1.6363754
0.2270086 0.2100811 1.5629103
0.2090404 0.1737826 1.6171769
0.2188502 0.1929095 1.5882404
0.2120453 0.2996604 1.4882944
0.1899504 0.1221196 1.6879300
0.2777613 0.3929524 1.3292865
0.1737702 0.1206439 1.7055860
0.1819929 0.1315649 1.6864421
0.1514246 0.1234026 1.7251728
0.1635545 0.1567185 1.6797270
0.3996488 0.4791559 1.1211953
0.2096521 0.1565885 1.6337595
0.2636022 0.2651158 1.4712820
0.3237269 0.1744286 1.5018446
0.2254285 0.2370774 1.5374939
0.1470950 0.0954482 1.7574568
0.2505755 0.1876490 1.5617757
0.2394800 0.1656938 1.5948262
0.2066589 0.1704658 1.6228752
0.1614364 0.1245405 1.7140232
0.1789912 0.1704384 1.6505704
0.2324497 0.1579732 1.6095772
0.2941102 0.2069723 1.4989176
0.1975174 0.1784580 1.6240246
0.1852517 0.1770456 1.6377026
0.3116040 0.2970592 1.3913369
0.2334392 0.2045427 1.5620180
0.2037224 0.1840296 1.6122479
0.2408421 0.1687087 1.5904493
0.1698346 0.1310046 1.6991608
0.3602122 0.2499220 1.3898659
0.2361159 0.1931646 1.5707195
0.2820850 0.1662433 1.5516716
0.1970851 0.1703670 1.6325479
0.2066445 0.1652613 1.6280942
0.2027705 0.1704631 1.6267664
0.2043412 0.1568314 1.6388276
0.2332017 0.1819496 1.5848486
0.3306324 0.2045644 1.4648032
0.2679136 0.1746044 1.5574820
0.2525457 0.3029203 1.4445341
0.2479187 0.2006286 1.5514528
0.1816389 0.1279136 1.6904474
0.5256662 0.4918212 0.9825126
0.3098287 0.3073917 1.3827796
0.1913043 0.1315367 1.6771590
0.2170690 0.2293484 1.5535827
0.1612546 0.1175873 1.7211580
0.3436561 0.2816950 1.3746489
0.1872739 0.1668658 1.6458602
0.2262816 0.2111279 1.5625905
0.2598596 0.1676220 1.5725185
0.2560887 0.3097013 1.4342101
0.1708966 0.1282793 1.7008240
0.1806087 0.1594896 1.6599016
0.2325009 0.2766854 1.4908137
0.1857111 0.1911604 1.6231287
0.1651992 0.1291041 1.7056968
0.2415538 0.2488439 1.5096023
0.1964409 0.1463026 1.6572566
0.2262528 0.2870515 1.4866958
0.2325126 0.2951675 1.4723200
0.1910962 0.1844338 1.6244700
0.1827023 0.1639766 1.6533213
0.2262053 0.1771938 1.5966009
0.1917314 0.1809272 1.6273415
0.1858422 0.1637707 1.6503872
0.1834068 0.1746735 1.6419197
0.2560690 0.1550385 1.5888925
0.2527487 0.3792408 1.3680105
0.3671872 0.2165147 1.4162982
0.1700253 0.1395435 1.6904311
0.3281430 0.3358584 1.3359985
0.2268587 0.1606057 1.6125356
0.4413286 0.2804033 1.2782681
0.1753507 0.1493551 1.6752943
0.1873675 0.1419758 1.6706567
0.2642927 0.4874027 1.2483046
0.2082416 0.1793585 1.6123999
0.4051804 0.9076691 0.6871505
0.1794721 0.1531699 1.6673579
0.1577877 0.1469666 1.6952456
0.4859227 0.2299996 1.2840776
0.3846910 0.2231005 1.3922085
0.2173063 0.1874615 1.5952322
0.1917329 0.1789621 1.6293049
0.2035912 0.2184639 1.5779449
0.6133029 0.3826316 1.0040656
0.1770556 0.1391851 1.6837593
0.1971270 0.1612654 1.6416075
0.2397301 0.1578116 1.6024582
0.3285716 0.5975022 1.0739261
0.1430045 0.0980489 1.7589465
0.1903091 0.1206915 1.6889994
0.2678875 0.2917036 1.4404089
0.2704011 0.2386708 1.4909281
0.1660070 0.1408494 1.6931436
0.2273471 0.2313701 1.5412829
0.2236698 0.1738839 1.6024462
0.2607329 0.2313778 1.5078893
0.3312365 0.2806792 1.3880844
0.2177070 0.1957559 1.5865371
0.1689345 0.1256010 1.7054645
0.1723122 0.1281197 1.6995680
0.1917850 0.1335965 1.6746185
0.2416048 0.1917319 1.5666633
0.2167921 0.1634323 1.6197757
0.2708669 0.4346255 1.2945075
0.1766114 0.1521376 1.6712511
0.1991965 0.1642660 1.6365376
0.2159260 0.1850438 1.5990303
0.1669958 0.1414256 1.6915786
0.1662501 0.1284396 1.7053103
0.2862971 0.1848720 1.5288309
0.1706021 0.1301398 1.6992581
0.3253253 0.2821653 1.3925095
0.2500435 0.1911469 1.5588095
0.2681883 0.3375853 1.3942263
0.1779190 0.1369359 1.6851451
0.1701878 0.1356820 1.6941303
0.2224192 0.2287726 1.5488081
0.1877378 0.1911864 1.6210757
0.2277932 0.2962889 1.4759178
0.1885573 0.1651950 1.6462476
0.2362939 0.1912712 1.5724349
0.2413158 0.2584625 1.5002217
0.1863270 0.1759941 1.6376790
0.4043511 0.4232281 1.1724207
0.1870037 0.1390239 1.6739725
0.4351490 0.2462091 1.3186419
0.1675228 0.1431699 1.6893072
0.2033828 0.2059824 1.5906348
0.1689864 0.1236579 1.7073557
0.1479563 0.1046747 1.7473691
0.2043003 0.1829780 1.6127217
0.3660569 0.2957957 1.3381474
0.2688838 0.2508273 1.4802887
0.1543865 0.1591306 1.6864829
0.3194285 0.3905139 1.2900577
0.1901401 0.2127828 1.5970771
0.3294820 0.3281172 1.3424008
0.1862149 0.1490552 1.6647298
0.2405056 0.1543772 1.6051172
0.3319919 0.3106845 1.3573236
0.3112412 0.5671907 1.1215681
0.2339850 0.1368539 1.6291611
0.1959030 0.1421775 1.6619196
0.1983077 0.1640922 1.6376002
0.3025101 0.3613424 1.3361475
0.2279449 0.2662077 1.5058475
0.1928258 0.1592652 1.6479089
0.2050548 0.2070632 1.5878820
0.1584453 0.1156324 1.7259223
0.1922710 0.1499536 1.6577754
0.3149439 0.2225900 1.4624660
0.3035551 0.3910212 1.3054237
0.1666499 0.1230494 1.7103007
0.2738817 0.2351628 1.4909556
0.2535376 0.2361560 1.5103064
0.2174263 0.2541979 1.5283759
0.3016676 0.2153230 1.4830093
0.4310291 0.6601189 0.9088520
0.2374688 0.3001291 1.4624021
0.2071308 0.1564263 1.6364428
0.2120472 0.1432343 1.6447184
0.3241062 0.1906577 1.4852362
0.2308426 0.2068036 1.5623537
0.1927607 0.1559749 1.6512644
0.3987148 0.3996205 1.2016647
0.3294507 0.2410209 1.4295285
0.2157656 0.2272176 1.5570168
0.1999814 0.1320393 1.6679792
0.2143952 0.1904782 1.5951266
0.2193440 0.2113945 1.5692613
0.3057188 0.2419024 1.4523787
0.2349212 0.2406748 1.5244040
0.2788196 0.2367609 1.4844195
0.1584774 0.1238747 1.7176479
0.1642243 0.1306751 1.7051007
0.1893158 0.1629104 1.6477739
0.1902937 0.1778237 1.6318827
0.2554034 0.2166943 1.5279021
0.2041493 0.1345958 1.6612549
0.3038293 0.2224649 1.4737058
0.3399728 0.2826870 1.3773402
0.2005183 0.1815399 1.6179419
0.1893849 0.1269427 1.6836723
0.1618161 0.1329952 1.7051885
0.2982018 0.2702743 1.4315238
0.1743150 0.1465941 1.6790907
0.3942415 0.2428466 1.3629119
0.2712895 0.3030581 1.4256524
0.2506627 0.2879192 1.4614182
0.2732735 0.2711762 1.4555502
0.2152615 0.2061599 1.5785785
0.2874614 0.2051409 1.5073977
0.1647128 0.1536838 1.6816034
0.3963071 0.3517803 1.2519127
0.1940990 0.2254797 1.5804212
0.1782256 0.1895529 1.6322215
0.4842154 0.2701556 1.2456291
0.1993411 0.1384275 1.6622314
0.1577380 0.1221689 1.7200931
0.3857106 0.4504879 1.1638014
0.1793818 0.1363130 1.6843052
0.1422545 0.1144005 1.7433450
0.1816515 0.1347981 1.6835504
0.1474349 0.1117681 1.7407970
0.1738902 0.1638660 1.6622438
0.2601480 0.2157907 1.5240612
0.2615090 0.2801094 1.4583817
0.2164858 0.1982391 1.5852751
0.2036616 0.1816935 1.6146449
0.1715406 0.1711861 1.6572733
0.1809166 0.1600296 1.6590538
0.1533514 0.1101230 1.7365258
0.3153217 0.3665546 1.3181237
0.1670243 0.1443353 1.6886405
0.2335297 0.1880800 1.5783902
0.1851024 0.1379050 1.6769925
0.1879080 0.1363222 1.6757697
0.1613159 0.1489508 1.6897333
0.2547920 0.1704888 1.5747192
0.4606716 0.4242304 1.1150981
0.2081099 0.1862613 1.6056287
0.2608721 0.3732776 1.3658504
0.1897343 0.1757170 1.6345487
0.2238699 0.1699310 1.6061990
0.2216538 0.1510641 1.6272821
0.2673788 0.2452426 1.4873786
0.1999561 0.1994383 1.6006057
0.2166083 0.1535878 1.6298039
0.2698690 0.2470645 1.4830666
0.2180512 0.1897982 1.5921507
0.1911410 0.1581154 1.6507437
0.1645259 0.1416912 1.6937829
0.1830876 0.1692563 1.6476562
0.5323144 0.1931035 1.2745820
0.2661088 0.2369925 1.4968987
0.3393446 0.1899314 1.4707240
0.5002170 0.2689281 1.2308549
0.5905870 0.2125501 1.1968628
0.4078646 0.3094702 1.2826651
0.1780445 0.1160640 1.7058916
0.2557079 0.2337309 1.5105612
0.3640028 0.1965266 1.4394705
0.3166915 0.2941195 1.3891890
0.4061382 0.3324442 1.2614174
0.4237695 0.8830961 0.6931344
0.2741388 0.1767878 1.5490733
0.3613338 0.2136700 1.4249961
0.6700550 0.2653174 1.0646274
0.3579337 0.1968023 1.4452641
0.6550868 0.3900668 0.9548465
0.2887162 0.1975282 1.5137556
0.8556100 0.1948021 0.9495879
0.1799383 0.1552778 1.6647840
0.1753999 0.1439749 1.6806252
0.2957874 0.1754188 1.5287938
0.2531268 0.1587246 1.5881486
0.2885552 0.1873155 1.5241294
0.5672973 0.4583198 0.9743829
0.3177037 0.2311304 1.4511659
0.3444796 0.3544322 1.3010882
0.6132832 0.2627043 1.1240125
0.2713787 0.2023243 1.5262971
0.1852946 0.1458001 1.6689053
0.2058759 0.1488068 1.6453173
0.3297547 0.2275476 1.4426976
0.2114280 0.1558302 1.6327417
0.1753308 0.1481328 1.6765363
0.5958918 0.6492348 0.7548733
0.2985728 0.1715702 1.5298569
0.2241713 0.1340738 1.6417549
0.2573352 0.4431118 1.2995529
0.2984500 0.2228804 1.4786696
0.3024309 0.2748019 1.4227672
0.2376416 0.1691249 1.5932336
0.3951647 0.2147316 1.3901037
0.6286530 0.4450666 0.9262804
0.2031061 0.2159832 1.5809107
0.3947117 0.2355193 1.3697691
0.2678142 0.2590868 1.4730990
0.4882810 0.6003377 0.9113812
0.2866708 0.2628812 1.4504480
0.1900133 0.1502111 1.6597756
0.4352026 0.2941360 1.2706616
0.8189038 0.2310330 0.9500632
0.2324889 0.2095509 1.5579600
0.2216986 0.1524520 1.6258495
0.4407244 0.1720445 1.3872311
0.3630792 0.2281870 1.4087338
0.3597735 0.1628382 1.4773884
0.2027952 0.2432780 1.5539267
0.2601286 0.2476076 1.4922638
0.1761391 0.1819928 1.6418680
0.3813252 0.2107437 1.4079311
0.3101822 0.4323050 1.2575126
0.2952455 0.1800436 1.5247109
0.1853625 0.1784651 1.6361724
0.6276538 0.2738174 1.0985287
0.1664279 0.1294812 1.7040908
0.2502777 0.3107390 1.4389833
0.5855620 0.3039081 1.1105299
0.2811357 0.1775506 1.5413136
0.2122540 0.1357409 1.6520051
0.5603229 0.4478728 0.9918042
0.2494284 0.2400734 1.5104983
0.2850652 0.2169833 1.4979515
0.5922936 0.1917800 1.2159264
0.1966188 0.1697480 1.6336331
0.2386771 0.1571404 1.6041825
0.2242352 0.1562813 1.6194835
0.7923397 0.5135148 0.6941454
0.1664532 0.1301323 1.7034146
0.7091191 0.3372506 0.9536302
0.2850474 0.1601149 1.5548377
0.2055563 0.2049805 1.5894632
0.4008554 0.2136243 1.3855202
0.1987649 0.1680910 1.6331441
0.4228492 0.2805455 1.2966052
0.2442797 0.2523112 1.5034091
0.2060869 0.1973941 1.5965190
0.5005853 0.3634387 1.1359761
0.4690124 0.3921617 1.1388259
0.2525455 0.2104276 1.5370269
0.1894031 0.1620153 1.6485815
0.4950475 0.2417314 1.2632213
0.5574371 0.2611740 1.1813889
0.7908435 0.2270837 0.9820728
0.3428760 0.1701689 1.4869550
0.3436097 0.1775234 1.4788669
0.7206568 0.2884054 0.9909378
0.1858452 0.1510701 1.6630847
0.4059434 0.1835084 1.4105482
0.4470368 0.2261961 1.3267671
0.7513733 0.3404252 0.9082015
0.2909986 0.1822173 1.5267842
0.4027393 0.2594439 1.3378168
0.3647702 0.2448095 1.3904202
0.5335292 0.1863727 1.2800982
0.2623643 0.1674637 1.5701721
0.2304143 0.1427662 1.6268196
0.2674623 0.2591645 1.4733733
0.2236307 0.2265156 1.5498537
0.7341194 0.3092456 0.9566349
0.2121934 0.1728744 1.6149323
0.1853398 0.1773190 1.6373413
0.3752292 0.2427635 1.3820074
0.2418859 0.1747863 1.5833278
0.3357426 0.1813906 1.4828668
0.2406994 0.1692273 1.5900732
0.2504903 0.2918570 1.4576526
0.7433202 0.4122246 0.8444552
0.3821478 0.1739014 1.4439509
0.2184023 0.1470808 1.6345170
0.3073393 0.2138713 1.4787893
0.2042990 0.1258843 1.6698167
0.4776683 0.3219552 1.2003765
0.5719151 0.5369323 0.8911525
0.1764024 0.1443224 1.6792753
0.4467385 0.6795520 0.8737094
0.3343843 0.2377095 1.4279063
0.2239465 0.1887722 1.5872813
0.1887771 0.1393611 1.6718618
0.4071555 0.1877005 1.4051440
0.9901919 0.2094900 0.8003181
0.2331067 0.1716690 1.5952244
0.2888435 0.2075763 1.5035802
0.5027952 0.7253180 0.7718868
0.4185675 0.2495942 1.3318384
0.3500342 0.1546833 1.4952824
0.2817900 0.2716097 1.4466002
0.3053090 0.1946770 1.5000141
0.9185892 0.2794843 0.8019266
0.1871298 0.1448489 1.6680212
0.3919108 0.1942478 1.4138415
0.4412269 0.1806627 1.3781104
0.2602660 0.2747079 1.4650261
0.2792761 0.3105737 1.4101501
0.2649332 0.1771176 1.5579492
0.2681985 0.1401597 1.5916419
0.4200525 0.2810971 1.2988504
0.1954389 0.1508631 1.6536980
0.3469581 0.2568347 1.3962073
0.2090458 0.1653493 1.6256049
0.2948857 0.1959672 1.5091472
0.3612122 0.1588152 1.4799726
0.2269600 0.1419508 1.6310892
0.5605638 0.5248495 0.9145867
0.6653652 0.4050633 0.9295714
0.1992482 0.1965604 1.6041914
0.2465155 0.1799912 1.5734934
0.3060440 0.1791089 1.5148470
0.2255919 0.2914672 1.4829409
0.2690612 0.1932994 1.5376394
0.4385436 0.2221461 1.3393102
0.2466578 0.1315151 1.6218271
0.4994212 0.2176684 1.2829103
0.2412259 0.1488929 1.6098812
0.3858848 0.1835422 1.4305730
0.2014988 0.2073914 1.5911099
0.3117790 0.2141632 1.4740579
0.3202656 0.2084073 1.4713271
0.2276931 0.1552789 1.6170281
0.2667359 0.1962318 1.5370324
0.2910064 0.2201373 1.4888563
0.2211578 0.1806123 1.5982299
0.2111401 0.2095538 1.5793061
0.2428865 0.1847607 1.5723528
0.5263243 0.4337349 1.0399408
0.4577933 0.4728090 1.0693977
0.2396480 0.2686393 1.4917128
0.5664885 0.2607113 1.1728003
1.0956557 0.2714801 0.6328642
0.2915082 0.1552889 1.5532029
0.3366368 0.1501674 1.5131959
0.2421046 0.2268160 1.5310794
0.3198029 0.1985324 1.4816647
0.4159964 0.2314466 1.3525569
0.2629027 0.2063316 1.5307658
0.2170835 0.2074099 1.5755067
0.4253252 0.5727147 1.0019600
0.5932937 0.3617595 1.0449468
0.3788713 0.4193338 1.2017950
0.4281362 0.1741620 1.3977017
0.3026903 0.1741055 1.5232042
0.2375238 0.2592798 1.5031962
0.5151086 0.2593464 1.2255449
0.5944631 0.3382626 1.0672743
0.2401150 0.1595024 1.6003826
0.4524259 0.2638543 1.2837199
0.3627045 0.9846168 0.6526788
0.1805916 0.1374497 1.6819589
0.4865772 0.3997143 1.1137085
0.6166128 0.3510776 1.0323095
0.2503686 0.2075855 1.5420458
0.3301582 0.1691543 1.5006875
0.5498580 0.3000677 1.1500742
0.2874549 0.4415655 1.2709796
0.5024866 0.6523445 0.8451689
0.1861433 0.1224429 1.6914139
0.1973425 0.1658379 1.6368196
0.1552067 0.1134956 1.7312977
0.2965058 0.2483899 1.4551044
0.7155777 0.5346936 0.7497287
0.1784133 0.1178170 1.7037697
0.2174045 0.2537802 1.5288154
0.3421063 0.2892572 1.3686366
0.2483020 0.1532914 1.5984067
0.1859218 0.1277356 1.6863426
0.3267210 0.3353911 1.3378880
0.1904714 0.1589889 1.6505398
0.4830709 0.2253987 1.2915305
0.2422798 0.1603577 1.5973625
0.2913716 0.4153079 1.2933205
0.3053826 0.2847991 1.4098183
0.3538954 0.1954864 1.4506183
0.3018644 0.1711829 1.5269529
0.2159614 0.1583631 1.6256757
0.3650769 0.3187051 1.3162179
0.2195850 0.2151989 1.5652161
0.3068038 0.1593606 1.5338355
0.5488849 0.5817295 0.8693858
0.1811150 0.1477572 1.6711278
0.7937438 0.2900812 0.9161751
0.2317766 0.1515440 1.6166794
0.1990623 0.1395240 1.6614137
0.2670014 0.2343052 1.4986935
0.1754076 0.1500285 1.6745639
0.5753603 0.4691986 0.9554411
0.2570720 0.3352749 1.4076531
0.2149827 0.1634891 1.6215284
0.3574030 0.1937596 1.4488373
0.4398636 0.2146701 1.3454661
0.6252078 0.4124847 0.9623075
0.3289813 0.1407568 1.5302618
0.2103121 0.1772659 1.6124220
0.2134745 0.1249141 1.6616116
0.3191805 0.2401545 1.4406649
0.2549262 0.2277600 1.5173138
0.4234935 0.1889044 1.3876021
0.3499335 0.2675441 1.3825223
0.3371419 0.1643936 1.4984646
0.2453006 0.1886890 1.5660105
0.3279245 0.1828907 1.4891846
0.4033644 0.9716653 0.6249703
0.2730210 0.1531836 1.5737953
0.3627536 0.2480432 1.3892033
0.3256722 0.3431146 1.3312131
0.1791736 0.1442021 1.6766243
0.4164017 0.8689608 0.7146376
0.2537222 0.2233711 1.5229067
0.3816706 0.2260155 1.3923138
0.2482263 0.1738726 1.5779011
0.2059561 0.1996856 1.5943584
0.2045111 0.1499232 1.6455657
0.2453852 0.2099910 1.5446239
0.3682741 0.2273315 1.4043944
0.7060798 0.4257539 0.8681663
0.2248952 0.2165325 1.5585724
0.3793221 0.2001832 1.4204947
0.2286153 0.2633463 1.5080384
0.6981825 0.3008051 1.0010123
0.4742908 0.3977642 1.1279451
0.5283468 0.2316295 1.2400237
0.5379497 0.3500521 1.1119981
0.2377316 0.2067630 1.5555055
0.2816378 0.1723444 1.5460178
0.3011925 0.1707022 1.5281053
0.2645008 0.1306594 1.6048398
0.3310909 0.1878661 1.4810429
0.8987018 0.3601731 0.7411251
0.1540504 0.1210151 1.7249346
0.2456878 0.2972004 1.4571118
0.1784985 0.1561331 1.6653684
0.1705178 0.1241033 1.7053788
0.3268142 0.1737471 1.4994388
0.2399683 0.1474312 1.6126006
0.5030094 0.2390089 1.2579818
0.2669435 0.1805235 1.5525329
0.3014017 0.2645411 1.4340572
0.3037752 0.1684559 1.5277689
0.4663038 0.2470790 1.2866170
0.2555784 0.1487532 1.5956683
0.4100238 0.3334152 1.2565610
0.8123704 0.5440034 0.6436262
0.4136689 0.2791901 1.3071411
0.4805426 0.3790715 1.1403859
0.3832037 0.1984637 1.4183326
0.4267509 0.2300349 1.3432142
0.1828826 0.1297679 1.6873496
0.2321277 0.1771253 1.5907469
1.6524247 0.1212066 0.2263688
1.4302080 0.2377898 0.3320022
0.8316835 0.6708132 0.4975035
1.3313899 0.2730501 0.3955600
1.5545273 0.2594048 0.1860680
1.4789492 0.2287636 0.2922872
1.3193643 0.3639522 0.3166835
1.2062076 0.4255024 0.3682899
1.1613888 0.3849625 0.4536487
1.5095478 0.1966008 0.2938514
1.3558719 0.3368116 0.3073165
1.2593842 0.3941396 0.3464762
1.3525891 0.3377019 0.3097090
1.0843779 0.5534208 0.3622012
0.8151178 0.3803004 0.8045818
0.9693472 0.4510779 0.5795749
1.5510037 0.1777843 0.2712119
0.9331357 0.2283969 0.8384674
1.0585005 0.2927843 0.6487151
1.1160829 0.4053147 0.4786023
0.9233645 0.6565745 0.4200611
1.3741899 0.3077864 0.3180238
1.2716746 0.4156869 0.3126384
0.9045305 0.3975128 0.6979567
0.9062386 0.4671783 0.6265831
1.2449697 0.4636373 0.2913930
1.4404275 0.2830485 0.2765239
1.6435984 0.1428305 0.2135710
1.1683211 0.3206242 0.5110546
1.0268879 0.3939507 0.5791615
1.5178734 0.1839625 0.2981640
1.0687989 0.6060859 0.3251151
1.0504041 0.4517463 0.4978495
1.6725976 0.1461444 0.1812578
1.5521193 0.1961656 0.2517151
1.2541113 0.3627300 0.3831588
1.2260473 0.2776849 0.4962677
1.3965058 0.2436559 0.3598384
1.2359693 0.2464313 0.5175993
1.0346673 0.2254096 0.7399232
1.4184506 0.3059003 0.2756491
1.3656151 0.2118992 0.4224858
0.7191229 0.4052153 0.8756620
1.2764938 0.3091364 0.4143698
0.7458684 0.8908684 0.3632631
1.4776435 0.2770248 0.2453317
1.3388360 0.3096713 0.3514928
0.8570622 0.3310682 0.8118696
1.0364350 0.5653697 0.3981952
1.4477032 0.3269264 0.2253705
1.1550169 0.4416326 0.4033505
1.0708308 0.5548832 0.3742859
0.6269375 0.2616176 1.1114450
1.1751685 0.3108948 0.5139368
1.6285487 0.1801084 0.1913429
0.4682581 0.1884094 1.3433325
1.5578475 0.1690732 0.2730793
1.4271927 0.1804521 0.3923551
1.5279317 0.1808172 0.2912512
1.2334243 0.3540875 0.4124882
1.1356990 0.4160299 0.4482712
1.2718099 0.3274884 0.4007018
0.9824995 0.6808103 0.3366901
1.2652980 0.2848184 0.4498837
0.8739139 0.6014577 0.5246283
1.4552550 0.2298601 0.3148849
0.8264033 0.8604331 0.3131636
1.6300951 0.1164787 0.2534261
1.1509991 0.3151858 0.5338151
1.0793062 0.5288197 0.3918741
0.3326436 0.4418035 1.2255528
1.4413841 0.2784197 0.2801962
1.2023380 0.5272541 0.2704079
1.0445392 0.5483561 0.4071047
0.4939963 0.4381264 1.0678773
1.0554460 0.4319964 0.5125576
0.9828585 0.4123835 0.6047581
1.2653201 0.3834664 0.3512135
1.3082347 0.3879608 0.3038043
1.5187478 0.2426736 0.2385787
1.2369783 0.3740200 0.3890016
1.2732403 0.3830973 0.3436626
1.5374980 0.2167910 0.2457111
1.0363767 0.3762174 0.5874059
1.3105272 0.2119489 0.4775238
1.6531458 0.1667021 0.1801522
1.5805506 0.2129741 0.2064753
1.3960222 0.3241782 0.2797997
1.2521451 0.2027468 0.5451081
1.4755330 0.2547416 0.2697252
1.3205060 0.2844192 0.3950749
1.4040463 0.2782412 0.3177123
1.3122513 0.2550564 0.4326922
1.3863218 0.3347482 0.2789300
0.3615029 0.3121793 1.3263178
1.2391150 0.4363191 0.3245659
1.4023335 0.2994303 0.2982360
0.5940745 0.2336065 1.1723191
1.2291733 0.3019208 0.4689059
1.2364380 0.3006604 0.4629015
0.9029756 0.3506681 0.7463562
1.5922767 0.1817821 0.2259412
1.4388916 0.3251812 0.2359270
1.5940638 0.1616999 0.2442364
1.5161579 0.2389349 0.2449073
0.4303067 0.1813298 1.3883635
1.1164317 0.3198726 0.5636958
0.7468170 0.3490548 0.9041283
1.4215524 0.1953841 0.3830636
1.3963025 0.3375563 0.2661412
1.2337930 0.3495955 0.4166115
1.3852788 0.3005070 0.3142141
1.1902094 0.4054288 0.4043618
1.1723646 0.4430388 0.3845966
1.4263344 0.2205267 0.3531390
0.9718343 0.5316153 0.4965505
1.1611965 0.2979177 0.5408858
1.2177098 0.3258682 0.4564220
1.5190880 0.1978500 0.2830620
1.1596843 0.4141798 0.4261358
1.2131004 0.3659967 0.4209028
1.4409747 0.2657852 0.2932400
1.2739894 0.1805599 0.5454507
1.0003245 0.3673049 0.6323706
1.6068625 0.1609150 0.2322225
1.6820762 0.1126818 0.2052421
1.4155086 0.2434780 0.3410134
1.4055492 0.3690186 0.2254323
0.9242982 0.4714716 0.6042302
1.5075235 0.2381439 0.2543325
1.2277017 0.3312928 0.4410055
1.3078706 0.2810946 0.4110348
0.9577271 0.4062580 0.6360148
1.3253932 0.3661893 0.3084175
1.4998977 0.1895245 0.3105777
1.1498547 0.2075767 0.6425688
1.5467994 0.2027169 0.2504838
0.5787770 0.6327335 0.7884896
1.6322126 0.1426575 0.2251299
1.3821845 0.1941452 0.4236704
1.3581614 0.3112454 0.3305932
1.1515769 0.2116427 0.6367805
1.5608320 0.1786679 0.2605001
1.2989979 0.3840637 0.3169384
0.8545223 0.4752550 0.6702228
0.8337587 0.7018223 0.4644189
1.5418217 0.2392597 0.2189185
1.5366688 0.1392164 0.3241149
1.5668075 0.1882377 0.2449549
1.0311321 0.3060351 0.6628329
0.6449032 0.3907166 0.9643801
1.4560362 0.1870849 0.3568789
1.4306130 0.2059909 0.3633960
0.7270085 0.6352705 0.6377211
1.4195876 0.2551904 0.3252220
1.1337123 0.3278579 0.5384299
1.6072569 0.1198817 0.2728613
1.4149261 0.3702128 0.2148612
1.1640687 0.4020635 0.4338678
1.5534619 0.2156348 0.2309033
1.2485862 0.3529545 0.3984593
1.0551481 0.4687479 0.4761040
1.4646425 0.1437573 0.3916003
1.3745587 0.2325073 0.3929340
1.5469911 0.2490655 0.2039434
0.8816521 0.3884577 0.7298901
0.4754058 0.5755881 0.9490061
0.6713185 0.8233266 0.5053551
1.4505353 0.2870235 0.2624413
1.2898366 0.2364242 0.4737390
1.3188747 0.2233384 0.4577869
1.4381027 0.1736824 0.3882149
1.4729815 0.2487507 0.2782677
0.7958626 0.7637366 0.4404008
1.3609600 0.2385423 0.4004978
1.6896636 0.1246859 0.1856503
1.4417567 0.2873876 0.2708556
1.2193754 0.4108012 0.3698233
0.9053265 0.4404467 0.6542269
1.3557365 0.3967280 0.2475355
1.3977842 0.2023030 0.3999129
1.5680039 0.1830601 0.2489359
1.3072468 0.2341264 0.4586267
1.1360826 0.4244820 0.4394353
1.2497349 0.3272840 0.4229811
1.4707754 0.2268170 0.3024077
1.1707820 0.2466347 0.5825832
0.9346540 0.5913426 0.4740035
1.1801107 0.4000412 0.4198482
0.4595363 0.3411174 1.1993463
1.5006700 0.1989681 0.3003619
0.8224463 0.2224162 0.9551374
0.6646047 0.2541254 1.0812700
1.2754369 0.3888212 0.3357418
1.4690924 0.2720690 0.2588386
1.5944040 0.1784782 0.2271178
1.0465125 0.3541156 0.5993719
1.4903872 0.1674094 0.3422033
1.3708119 0.2018865 0.4273015
1.3239775 0.2610318 0.4149907
1.3054326 0.1921787 0.5023890
1.3215787 0.3702245 0.3081967
0.8118526 0.5535461 0.6346014
1.3856270 0.3120416 0.3023314
1.3044560 0.3913658 0.3041781
1.3719196 0.1930974 0.4349830
1.4060397 0.2320843 0.3618758
1.4725599 0.2403212 0.2871187
1.2551212 0.2943493 0.4505295
1.2601538 0.3008184 0.4390279
1.7512729 0.1059082 0.1428190
0.9739394 0.2973786 0.7286820
1.4661953 0.2684603 0.2653444
1.2695732 0.3466532 0.3837735
1.3411510 0.2744682 0.3843808
1.3727810 0.1901984 0.4370205
1.4405065 0.2504547 0.3090389
1.1790307 0.2032644 0.6177050
1.3632209 0.3630017 0.2737774
1.4281037 0.2632609 0.3086355
1.4669962 0.2396900 0.2933139
1.2838788 0.1999884 0.5161329
0.9004958 0.2075507 0.8919535
1.1904545 0.3237133 0.4858322
1.4790510 0.2645478 0.2564012
0.8460483 0.7141593 0.4397924
1.2868676 0.3941485 0.3189839
1.2144216 0.4855464 0.3000320
1.3661962 0.2607320 0.3730718
0.6860209 0.4334471 0.8805320
1.2960143 0.3557852 0.3482004
1.3986876 0.2701853 0.3311271
1.1831150 0.2918825 0.5250026
1.3004422 0.4390050 0.2605529
0.6366621 0.3097352 1.0536027
1.3925703 0.2880710 0.3193588
1.2723827 0.4196013 0.3080160
1.5996981 0.1888179 0.2114840
1.5264220 0.1977488 0.2758292
1.5986545 0.1619056 0.2394398
1.1124297 0.1978821 0.6896881
1.4344246 0.3305902 0.2349852
1.0379893 0.4415357 0.5204750
0.6831158 0.5056539 0.8112303
1.2652893 0.3621076 0.3726032
1.5368184 0.1850795 0.2781022
1.4097891 0.2649665 0.3252445
0.5659833 0.2950305 1.1389861
1.4919009 0.1684229 0.3396762
0.5025305 0.9773563 0.5201132
1.1092551 0.5410391 0.3497059
0.7456754 0.4380362 0.8162884
1.3754094 0.2903607 0.3342300
1.4311068 0.2570580 0.3118352
0.4155172 0.2318492 1.3526337
1.1831745 0.3408018 0.4760237
1.2206662 0.4692378 0.3100960
1.3982686 0.3293546 0.2723768
1.3403171 0.2816518 0.3780310
1.3806012 0.3035180 0.3158808
1.0691863 0.2212839 0.7095299
1.4579105 0.2483778 0.2937115
1.1576178 0.3685846 0.4737974
1.1554308 0.3831364 0.4614329
0.9403634 0.7674781 0.2921585
1.5594126 0.2083180 0.2322694
1.0596511 0.5513378 0.3890111
0.9590472 0.3549139 0.6860389
0.6708434 0.4873889 0.8417677
0.9977008 0.6030990 0.3992003
1.3345847 0.2179071 0.4475082
0.9080595 0.5177966 0.5741438
1.5564467 0.1284569 0.3150964
0.7144123 0.2247202 1.0608675
0.8553377 0.7685819 0.3760803
0.7129430 0.5775508 0.7095063
0.9938686 0.2371397 0.7689916
1.1486750 0.3942970 0.4570281
1.4837880 0.1937907 0.3224213
1.4984074 0.1498287 0.3517640
1.4688407 0.1658534 0.3653059
1.1184063 0.3165535 0.5650402
0.8411824 0.4783357 0.6804819
0.6553227 0.3644823 0.9801950
0.8912618 0.2886556 0.8200827
1.3547565 0.2030319 0.4422117
0.9613249 0.3173079 0.7213672
0.7567070 0.7497424 0.4935506
1.0491214 0.2223537 0.7285249
1.5425649 0.1771734 0.2802616
1.2826886 0.2876512 0.4296602
1.4225769 0.3256915 0.2517317
1.0184832 0.4666605 0.5148563
1.4356670 0.2157152 0.3486177
1.4808221 0.1715496 0.3476283
1.4174360 0.2937611 0.2888028
1.4705865 0.2281512 0.3012621
0.2394772 1.5083952 0.2521275
0.3628799 1.3840882 0.2530319
0.2138879 1.5566027 0.2295094
0.2048052 1.5573504 0.2378445
0.2856275 1.4105067 0.3038659
0.4109184 1.1186031 0.4704785
0.2560379 1.5244069 0.2195551
0.2017263 1.5549474 0.2433263
0.3049824 1.3232856 0.3717320
0.1896582 1.6085415 0.2018004
0.2743101 0.9530702 0.7726198
0.4483481 1.2515137 0.3001382
0.1870995 1.6188344 0.1940661
0.3562583 1.3804383 0.2633034
0.3277056 1.3497150 0.3225794
0.1906041 1.5957749 0.2136210
0.2293956 1.5525436 0.2180608
0.4429860 1.3064532 0.2505606
0.2345488 1.4835527 0.2818986
0.3769343 1.2595840 0.3634816
0.2696897 1.5212229 0.2090874
0.2597783 1.3783798 0.3618419
0.2047085 1.5830833 0.2122083
0.2288566 1.5613919 0.2097514
0.3251348 1.3105755 0.3642897
0.3687780 0.8188859 0.8123360
0.2569144 1.5134857 0.2296000
0.3195060 1.4258783 0.2546156
0.3238481 1.1498519 0.5263001
0.3429494 1.3915339 0.2655168
0.2944470 1.4209458 0.2846072
0.2478571 1.4379816 0.3141612
0.2966788 1.3457112 0.3576100
0.3273393 1.3591321 0.3135287
0.1746795 1.6393615 0.1859590
0.2567649 1.2921050 0.4511301
0.2127144 1.5502670 0.2370187
0.2689359 1.3535373 0.3775268
0.2935719 1.4158169 0.2906112
0.3207209 1.1171410 0.5621381
0.2116618 1.5776995 0.2106387
0.3329686 1.3547827 0.3122488
0.3260020 1.3442497 0.3297482
0.3302786 1.3911495 0.2785719
0.3017453 1.2500577 0.4481971
0.2912598 1.3764000 0.3323402
0.2179383 1.5059204 0.2761412
0.4289234 1.3060176 0.2650590
0.1747480 1.6439538 0.1812982
0.2831665 1.4935623 0.2232712
0.3605126 1.0332170 0.6062704
0.2448576 1.5406719 0.2144704
0.2257030 1.5094831 0.2648139
0.1924721 1.6022521 0.2052758
0.3787948 1.2416275 0.3795777
0.2824182 1.4831820 0.2343999
0.2199878 1.5549673 0.2250449
0.2519317 1.5087030 0.2393653
0.2293027 1.5637844 0.2069131
0.3042246 1.3664732 0.3293023
0.1943302 1.6132934 0.1923764
0.2778393 1.3384290 0.3837317
0.2739158 1.4263988 0.2996854
0.2574426 1.4819369 0.2606205
0.3153823 1.3704996 0.3141180
0.2632029 1.5135868 0.2232103
0.3130221 1.3835444 0.3034335
0.2084110 1.5816714 0.2099178
0.2240642 1.4977112 0.2782246
0.1874869 1.6002424 0.2122708
0.2655765 1.4894354 0.2449881
0.3056906 1.3400321 0.3542771
0.3888447 1.2919776 0.3191776
0.2006422 1.5698521 0.2295057
0.2567460 1.3363475 0.4069066
0.2117018 1.5662653 0.2220329
0.3912413 1.2835878 0.3251708
0.3936110 1.2902062 0.3161827
0.2679435 1.3221898 0.4098667
0.2340132 1.4743917 0.2915952
0.5373734 1.0752702 0.3873564
0.2072432 1.5760882 0.2166686
0.2648238 1.3795704 0.3556058
0.2904133 1.3563428 0.3532439
0.1955318 1.4996513 0.3048170
0.2811600 1.1038359 0.6150041
0.2286090 1.5434823 0.2279087
0.2598876 1.4928648 0.2472475
0.3091923 1.1780365 0.5127712
0.4596984 1.2606230 0.2796786
0.2718191 1.3551695 0.3730113
0.2673836 1.4884591 0.2441573
0.2936532 1.3534002 0.3529466
0.2175773 1.5043178 0.2781051
0.1968064 1.5997918 0.2034017
0.2473578 1.5015807 0.2510615
0.3237520 1.3376462 0.3386016
0.2804284 1.4635738 0.2559977
0.3461477 1.3080082 0.3458441
0.2555762 1.4944832 0.2499407
0.2328601 1.4717789 0.2953612
0.2351952 1.4620719 0.3027329
0.2319051 1.4884422 0.2796527
0.2281060 1.4748363 0.2970577
0.2745686 1.0269759 0.6984557
0.2278460 1.4926536 0.2795003
0.2300778 1.5260792 0.2438431
0.2676793 1.4448173 0.2875035
0.2728192 1.3010547 0.4261262
0.3299747 1.2528782 0.4171472
0.2046634 1.5143301 0.2810065
0.2173160 1.4856586 0.2970254
0.2556826 1.4856608 0.2586565
0.2721843 1.4383794 0.2894363
0.2436854 1.4708357 0.2854789
0.4451828 1.2056080 0.3492093
0.2407822 1.4711579 0.2880598
0.3674509 1.1867721 0.4457769
0.4668241 1.0328881 0.5002879
0.3063770 1.4551010 0.2385220
0.2206578 1.5856332 0.1937091
0.1996446 1.6092147 0.1911407
0.2554770 1.5229620 0.2215610
0.1874732 1.6072817 0.2052451
0.2178337 1.4224072 0.3597590
0.2342961 1.5557083 0.2099957
0.2117976 1.5701774 0.2180250
0.2001524 1.5844240 0.2154235
0.2436186 1.4514649 0.3049165
0.2292568 1.3548577 0.4158855
0.2207410 1.5403019 0.2389572
0.2087251 1.4865328 0.3047421
0.2511825 1.5359595 0.2128580
0.2875318 1.4259753 0.2864928
0.2384251 1.4698097 0.2917653
0.2508362 1.4966466 0.2525171
0.2643203 1.5301476 0.2055322
0.2912896 1.3045416 0.4041687
0.2027631 1.5816882 0.2155486
0.2066447 1.5682874 0.2250679
0.3632279 1.3548372 0.2819349
0.3699988 1.2718103 0.3581907
0.2924746 1.2814324 0.4260929
0.6259162 0.7586589 0.6154249
0.1957572 1.5409768 0.2632660
0.2668758 1.4415777 0.2915466
0.3144965 1.3628446 0.3226590
0.3280966 1.2842939 0.3876095
0.3373167 1.2752700 0.3874133
0.2820983 1.4378058 0.2800960
0.2400426 1.4170766 0.3428808
0.1922219 1.6141669 0.1936111
0.3678358 1.2849264 0.3472376
0.2655481 1.5107257 0.2237260
0.1854422 1.5940510 0.2205069
0.2072573 1.5329751 0.2597676
0.2813235 1.3360308 0.3826457
0.2620673 1.4531827 0.2847499
0.2564310 1.4742633 0.2693059
0.2021736 1.5807253 0.2171010
0.1856923 1.6234701 0.1908377
0.2124019 1.5238249 0.2637733
0.3102314 1.2904673 0.3993013
0.1975318 1.6064265 0.1960417
0.2557389 1.5232937 0.2209673
0.2130490 1.5511248 0.2358263
0.4338441 1.3042421 0.2619138
0.2134740 1.4943345 0.2921916
0.2456370 1.4743192 0.2800437
0.2464084 1.4547511 0.2988406
0.2599304 1.4062607 0.3338089
0.2320423 1.4720540 0.2959037
0.3133952 1.4146848 0.2719201
0.2118424 1.5126560 0.2755017
0.4351389 1.0237889 0.5410720
0.2548898 1.4734226 0.2716876
0.2898628 1.3450367 0.3651005
0.4837287 0.6392440 0.8770274
0.2349119 1.5530882 0.2119999
0.2156553 1.5176783 0.2666665
0.4396359 0.9724208 0.5879432
0.3882442 1.3247242 0.2870317
0.3495830 1.4170816 0.2333353
0.2055180 1.5888131 0.2056689
0.2244269 1.5295048 0.2460684
0.2507647 1.4277192 0.3215159
0.2301229 1.5202088 0.2496682
0.2397216 1.5200256 0.2402529
0.3012273 1.4814661 0.2173067
0.5880547 0.9734307 0.4385146
0.2233329 1.5661843 0.2104830
0.3813702 1.1655514 0.4530784
0.3477766 1.1526073 0.4996161
0.3757430 1.2925222 0.3317349
0.2603055 1.2678058 0.4718886
0.2668982 1.5315107 0.2015911
0.2527129 1.5322448 0.2150422
0.2103293 1.5261289 0.2635418
0.3119914 1.3132088 0.3747999
0.3001298 1.3578365 0.3420339
0.2233497 1.5470535 0.2295969
0.1846688 1.6250215 0.1903098
0.4185793 1.1798824 0.4015382
0.1839206 1.5758129 0.2402665
0.4126811 0.8821689 0.7051500
0.2112199 1.4899694 0.2988107
0.2161648 1.5797663 0.2040690
0.2659256 1.5182829 0.2157916
0.2371399 1.4387599 0.3241001
0.2335086 1.5606356 0.2058557
0.3160099 1.4253409 0.2586492
0.2235754 1.5603323 0.2160922
0.1856683 1.6131396 0.2011921
0.2762992 1.4132957 0.3104051
0.2808107 1.4802272 0.2389621
0.3343665 0.9432821 0.7223513
0.1897840 1.5920122 0.2182039
0.1778798 1.6289014 0.1932188
0.1823739 1.6225336 0.1950926
0.2430685 1.3308828 0.4260486
0.2371658 1.4619274 0.3009067
0.3193991 1.3141847 0.3664164
0.3310602 1.1105347 0.5584050
0.2868522 1.3325822 0.3805655
0.2726706 1.4680204 0.2593090
0.2499495 1.4098377 0.3402128
0.4249457 1.2175946 0.3574596
0.2956318 0.8754414 0.8289269
0.4609493 0.8552475 0.6838031
0.2220063 1.5326929 0.2453009
0.2261817 1.4696615 0.3041568
0.3307582 1.2944416 0.3748001
0.3354981 1.3189816 0.3455204
0.2178993 1.4438593 0.3382413
0.2143968 1.5349934 0.2506097
0.2404272 1.4132776 0.3462951
0.5454630 1.0906180 0.3639189
0.2448817 1.5392520 0.2158661
0.3836626 1.0770117 0.5393257
0.3806770 1.0871701 0.5321530
0.2536499 1.5022776 0.2440725
0.6339744 0.8209736 0.5450518
0.1811033 1.6351914 0.1837054
0.2661185 1.4215779 0.3123034
0.1896118 1.5965919 0.2137964
0.2286061 1.5535020 0.2178920
0.2195655 1.4609562 0.3194782
0.2438522 1.5228577 0.2332903
0.4267879 1.2858858 0.2873262
0.1976767 1.5811003 0.2212229
0.5393487 1.1615198 0.2991316
0.2906364 1.3210402 0.3883234
0.3860712 1.3285117 0.2854172
0.2761903 1.4095449 0.3142648
0.4757715 1.2063316 0.3178970
0.3397560 1.1955686 0.4646755
0.2466377 1.4739100 0.2794524
0.2026439 1.5689205 0.2284356
0.3395820 1.3304801 0.3299379
0.2978821 1.3377061 0.3644119
0.1802379 1.6264689 0.1932932
0.2894642 1.4683707 0.2421651
0.2819881 1.3967910 0.3212208
0.2582956 1.4030191 0.3386854
0.3311581 1.3597996 0.3090423
0.1838018 1.6186750 0.1975234
0.4694012 0.9981468 0.5324520
0.2370903 1.5263442 0.2365655
0.2806819 1.2051008 0.5142173
0.2465280 1.3968358 0.3566361
0.3467448 1.3753334 0.2779218
0.2310549 1.3626785 0.4062666
0.2275454 1.4167240 0.3557307
0.4376709 1.2476444 0.3146847
0.2706428 1.3586097 0.3707475
0.3063685 1.3104217 0.3832099
0.2210781 1.4135525 0.3653693
0.1891117 1.6116155 0.1992729
0.3009624 1.3845053 0.3145322
0.3087179 1.2820449 0.4092373
0.2361666 1.3549931 0.4088404
0.3478926 1.3680598 0.2840477
0.2410111 1.4012738 0.3577151
0.1861702 1.6210310 0.1927988
0.5647103 1.0935800 0.3417097
0.3156184 1.4525867 0.2317951
0.2676004 1.4862381 0.2461614
0.1956288 1.5357497 0.2686216
0.1963199 1.6020923 0.2015878
0.4068602 1.0394579 0.5536819
0.2277925 1.5682822 0.2039253
0.2113681 1.5027330 0.2858991
0.3977045 1.3619602 0.2403353
0.3591391 1.2368407 0.4040201
0.3897308 1.2794722 0.3307970
0.3170875 1.3435146 0.3393980
0.2119303 1.5705872 0.2174826
0.7310783 0.9817429 0.2871789
0.3795736 1.3539977 0.2664286
0.3475586 1.2922468 0.3601946
0.3109544 1.4437263 0.2453194
0.1888696 1.6087595 0.2023710
0.4123870 1.2123591 0.3752540
0.2470939 1.5397398 0.2131664
0.8361635 0.8197920 0.3440446
0.2398554 1.5538969 0.2062477
0.3289587 1.3982692 0.2727722
0.2474722 1.5226808 0.2298471
0.2595883 1.4758668 0.2645449
0.3458183 1.1775106 0.4766710
0.2788754 1.4025693 0.3185554
0.5102300 1.2278383 0.2619318
0.2538384 1.5268009 0.2193607
0.3010488 1.3981991 0.3007521
0.3036323 1.4146163 0.2817514
0.4063092 1.2922724 0.3014183
0.7381779 0.9616773 0.3001448
0.5592078 1.1482776 0.2925145
0.8021197 0.8389088 0.3589716
0.2113653 1.5680652 0.2205695
0.2258593 1.5004563 0.2736845
0.5375307 1.0674113 0.3950581
0.4189859 1.1430023 0.4380119
0.2466226 1.5220184 0.2313589
0.2569899 1.4803712 0.2626388
0.2753927 1.2678149 0.4567925
0.2896074 1.4176111 0.2927817
0.3120823 1.2895079 0.3984099
0.2242391 1.5622718 0.2134890
0.4648041 1.1390200 0.3961759
0.2910950 1.3352919 0.3736131
0.2234201 1.4837363 0.2928436
0.4821384 1.1659606 0.3519011
0.2883911 1.4582530 0.2533560
0.2907231 1.2751713 0.4341056
0.3266903 1.2019603 0.4713495
0.3753477 1.3696179 0.2550344
0.2526153 1.4897282 0.2576565
1.2492055 0.4811838 0.2696107
0.3767235 1.3461273 0.2771493
0.1981865 1.6058785 0.1959349
0.3968602 1.1508819 0.4522580
0.3757698 1.3262146 0.2980156
0.2394269 1.5067484 0.2538247
0.2998084 1.3916590 0.3085325
0.2788672 1.4804821 0.2406507
0.6272427 0.5781676 0.7945898
0.2491903 1.5376836 0.2131260
0.2691197 1.4892128 0.2416676
0.3287609 1.3957601 0.2754790
0.3407332 1.3343015 0.3249653
0.2772748 1.3069448 0.4157802
0.2589778 1.5233853 0.2176371
0.4975041 1.2493141 0.2531819
0.3767667 1.2449094 0.3783239
0.2886280 1.4053106 0.3060614
0.3823917 1.1090589 0.5085495
0.2733449 1.3238060 0.4028491
0.3678274 1.0691783 0.5629941
0.4907680 1.1156514 0.3935804
0.6051148 0.8994138 0.4954714
0.3905655 1.1315758 0.4778588
0.1872389 1.6104174 0.2023437
0.3507651 1.3618523 0.2873827
0.2588735 1.4895982 0.2515283
0.5684298 0.9211252 0.5104450
0.2230573 1.5745244 0.2024184
0.4984126 1.1213806 0.3802067
0.2803000 1.4830773 0.2366227
0.3743705 1.3154233 0.3102062
0.2339042 1.4989450 0.2671508
0.2230328 1.4372569 0.3397102
0.7608733 0.7066697 0.5324570
0.4197839 1.3034416 0.2767744
0.2383741 1.5150684 0.2465574
0.3284286 1.4098191 0.2617522
0.3195650 1.3947141 0.2857209
0.5874035 1.1237118 0.2888846
0.5236681 0.9768382 0.4994937
0.4094754 1.2603824 0.3301421
0.3283041 1.1082695 0.5634263
0.4550318 1.2064221 0.3385460
0.2437664 1.5041220 0.2521115
0.6847090 1.0397716 0.2755196
0.4183629 1.2904696 0.2911674
0.3192797 1.2961359 0.3845844
0.3531213 1.3948483 0.2520304
0.3357250 1.4174790 0.2467960
0.4922166 0.9074923 0.6002909
0.2737117 1.4668796 0.2594088
0.3117101 1.4101921 0.2780978
0.4081646 1.3452585 0.2465769
0.9895824 0.7365276 0.2738899
0.3812707 1.3717916 0.2469377
0.2583336 1.4023387 0.3393278
0.2383430 1.4905025 0.2711546
0.3392004 1.3880987 0.2727008
0.3622390 1.3699234 0.2678376
0.2064345 1.5670080 0.2265575
1.1731473 0.5246989 0.3021538
0.3139688 1.2064277 0.4796035
0.1904419 1.5832145 0.2263437
0.2871244 1.4648094 0.2480661
0.2420733 1.4686282 0.2892985
0.2247515 1.4101613 0.3650873
0.4345016 1.3039474 0.2615510
0.8300554 0.8678614 0.3020832
0.2503191 1.3992484 0.3504325
0.3486041 1.3981087 0.2532872
0.2484720 1.5222788 0.2292492
0.2071457 1.5760436 0.2168106
0.4097453 1.2506554 0.3395993
0.4514538 1.2954307 0.2531156
0.2355922 1.5158896 0.2485181
0.2647514 1.4385757 0.2966729
0.2596830 1.5311499 0.2091671
0.3072048 1.4429665 0.2498287
0.4992688 1.2441603 0.2565709
0.4909983 1.0163141 0.4926875
0.2036012 1.5886800 0.2077189
0.2492712 1.4021419 0.3485869
0.2681330 1.4716327 0.2602342
0.4715216 1.2734390 0.2550395
0.3080885 1.4526347 0.2392769
0.2843995 1.3692009 0.3463995
0.3917844 1.3544036 0.2538119
0.3684863 1.3565304 0.2749833
0.2387450 1.4933208 0.2679342
0.2500598 1.4303937 0.3195464
0.5787600 1.1312668 0.2899732
1.1295586 0.5868337 0.2836078
0.3861805 1.1073416 0.5064778
0.4661039 1.2832778 0.2506183
0.4081253 1.2172844 0.3745903
0.2722871 1.4529946 0.2747184
0.3689508 1.3623407 0.2687084
0.7004856 0.6329219 0.6665925
0.2066071 1.5822053 0.2111878
0.2741081 1.4128628 0.3130292
0.9028031 0.7935499 0.3036470
0.3042057 1.3504946 0.3452998
0.2924688 1.4681462 0.2393849
0.3363320 1.3250992 0.3385687
0.2123233 1.5747492 0.2129274
0.3369781 1.2929602 0.3700618
0.4817034 1.2293315 0.2889652
0.2482928 1.3904934 0.3612136
0.2426740 1.3783189 0.3790071
0.4410218 1.2528820 0.3060963
0.2003616 1.5887957 0.2108426
0.2856687 1.4501805 0.2641507
0.2283857 1.5091510 0.2624632
0.3136619 1.3107448 0.3755933
0.2735959 1.4253782 0.3010260
0.4837136 1.1251565 0.3911298
0.5539467 1.1608844 0.2851689
0.2663134 1.4817860 0.2519005
0.3790091 1.2123114 0.4086795
0.4522592 1.2041980 0.3435428
0.5402547 1.1766949 0.2830504
0.8127280 0.8168987 0.3703733
0.3843503 1.2436168 0.3720329
0.3086689 1.4080657 0.2832654
0.2480587 1.4490707 0.3028706
0.2124906 1.5675496 0.2199599
0.4347687 1.3284793 0.2367522
0.3217053 1.4362907 0.2420039
0.8471609 0.8330425 0.3197965
0.2648945 1.5039597 0.2311458
0.6326190 0.9562654 0.4111156
0.2939893 1.4378679 0.2681429
0.2746761 1.4459889 0.2793351
0.2601314 0.9769448 0.7629238
0.2140087 1.4419574 0.3440340
0.4690738 1.2626932 0.2682329
0.3691136 1.2899280 0.3409584
0.1947890 1.6028023 0.2024087
0.4652400 1.1195432 0.4152169
0.2138151 1.5560188 0.2301660
0.9209836 0.7452556 0.3337609
0.4122747 1.2683567 0.3193685
0.2213559 1.5357274 0.2429166
0.4480971 1.2195857 0.3323173
0.3049870 1.3644931 0.3305198
0.6160069 0.5808406 0.8031526
0.3277234 1.3836583 0.2886182
0.2106402 1.5347800 0.2545798
0.1987617 1.6016450 0.1995934
0.2638556 1.5280846 0.2080597
0.2656904 1.4697759 0.2645336
0.2629600 1.4407313 0.2963086
0.4513024 0.9588302 0.5898673
0.2995583 1.4469267 0.2535149
0.3301411 1.4023082 0.2675505
0.7202023 0.9987261 0.2810716
0.3070984 1.4173861 0.2755156
0.5449514 1.1934793 0.2615692
0.6945885 0.7610965 0.5443150
0.2413073 1.4757310 0.2829616
0.3737512 1.3552783 0.2709706
0.2438878 1.5385079 0.2176043
0.8082021 0.5507067 0.6410912
0.3508893 1.4177110 0.2313996
0.2956446 1.4430432 0.2613122
0.5981558 1.0936515 0.3081927
0.2569577 1.4667716 0.2762708
0.2502642 1.5019596 0.2477762
0.3427796 1.4061105 0.2511100
0.2253773 1.5043640 0.2702587
0.2797293 1.3963780 0.3238927
0.2243311 1.5397160 0.2359528
0.3146508 1.2679963 0.4173528
0.2384690 1.5490586 0.2124726
0.4655733 1.1985412 0.3358856
0.2061829 1.5622759 0.2315410
0.3399572 1.3750091 0.2850337
0.2747186 1.4286838 0.2965977
0.5176126 1.1493393 0.3330481
0.2139059 1.5859985 0.2000956
0.3673801 1.3429688 0.2896510
0.2318508 1.4918611 0.2762882
0.7233183 0.9862115 0.2904702
0.2536349 1.4839890 0.2623762
0.2458713 1.4938583 0.2602705
0.2734012 1.4830379 0.2435609
0.2355993 1.5350041 0.2293965
0.2111713 1.5541289 0.2347000
0.2104023 1.5700839 0.2195138
0.4586321 1.1505539 0.3908139
0.2330170 1.5246198 0.2423633
0.2404308 1.5434756 0.2160936
0.7742893 0.8553686 0.3703420
0.2302535 1.5372915 0.2324549
0.3636865 1.3458012 0.2905123
0.2299093 1.4894750 0.2806157
0.2200812 1.5393178 0.2406010
0.4245754 1.2146976 0.3607269
0.4039343 1.2963692 0.2996964
0.3895102 1.3255476 0.2849422
0.4802093 1.0768478 0.4429429
0.3072265 1.3192984 0.3734751
0.2737053 1.4057820 0.3205128
0.2132457 1.5708561 0.2158981
0.4191197 1.2855558 0.2953245
0.3605630 1.3526357 0.2868012
0.2586222 1.4357927 0.3055852
0.3501363 1.2882819 0.3615816
0.5525834 1.1467341 0.3006824
0.2174672 1.4819658 0.3005670
0.2704564 1.4653761 0.2641675
0.2928059 1.4519541 0.2552399
0.2701846 1.4913440 0.2384714
0.3303125 1.3940563 0.2756312
0.2533400 1.4917581 0.2549018
0.3746453 1.2102578 0.4150968
0.2071764 1.5734777 0.2193459
0.4291961 1.1602571 0.4105468
0.2689962 1.3947150 0.3362888
0.4559926 1.2708248 0.2731825
0.5085950 1.1079146 0.3834905
0.1888666 1.6176800 0.1934534
0.2892393 1.3098000 0.4009607
0.3147345 1.4331056 0.2521598
0.5128354 1.2100555 0.2771091
0.3251187 1.3943720 0.2805093
0.2426567 1.4655187 0.2918246
0.3054237 1.3616407 0.3329357
0.1985701 1.5928392 0.2085907
0.2322535 1.5579978 0.2097488
0.2933888 1.3464506 0.3601608
0.5425506 0.7320006 0.7254488
0.2223610 1.5369983 0.2406407
0.2044566 1.5787268 0.2168166
0.3959146 1.3008857 0.3031998
0.2519287 1.5203168 0.2277546
0.2210660 1.5556746 0.2232595
0.5251026 1.2127233 0.2621741
0.8456138 0.7747787 0.3796075
0.3327557 1.3082147 0.3590297
0.4948595 1.1843432 0.3207973
0.3313475 1.2076948 0.4609576
0.2438674 1.4959797 0.2601529
0.2448618 1.5319151 0.2232233
0.1893695 1.6095487 0.2010818
0.2921122 1.3941426 0.3137452
0.2914478 1.2192101 0.4893423
0.3008246 1.3820014 0.3171740
0.2735003 1.4247940 0.3017057
0.3582482 1.3187478 0.3230041
0.3168839 1.3389567 0.3441594
0.2466684 1.4938157 0.2595160
0.2487603 1.4893796 0.2618600
0.2912148 1.4269642 0.2818208
0.3592165 1.3216455 0.3191382
1.1551589 0.4815554 0.3632858
1.6408527 0.1648191 0.1943281
1.1318998 0.3655340 0.5025662
1.0696871 0.6674426 0.2628703
1.5734713 0.2096661 0.2168626
1.5265517 0.2539949 0.2194534
1.4700596 0.2561413 0.2737990
1.6497422 0.1750798 0.1751778
1.4141619 0.3400011 0.2458370
1.4802485 0.3170527 0.2026988
1.4543468 0.2909839 0.2546694
1.6700492 0.1511670 0.1787837
1.1550645 0.5248558 0.3200797
1.6142082 0.1980442 0.1877476
1.6459920 0.1755957 0.1784121
1.1774948 0.4870326 0.3354726
1.2355773 0.4052201 0.3592027
1.6322656 0.1840497 0.1836848
1.3561413 0.3744089 0.2694498
1.5773679 0.1845259 0.2381062
1.4777839 0.3030294 0.2191867
1.4493086 0.2052202 0.3454710
1.5415230 0.2584569 0.2000202
1.4315059 0.2745053 0.2939887
1.5982951 0.2145557 0.1871492
1.5692446 0.2317022 0.1990532
1.3913708 0.2712460 0.3373834
1.1509485 0.5024644 0.3465871
0.8872043 0.6798888 0.4329068
1.2494373 0.4689302 0.2816325
1.5077813 0.2557426 0.2364761
1.6853576 0.1351085 0.1795339
1.1183615 0.5614104 0.3202280
1.4527469 0.2499485 0.2973047
1.4529408 0.3287984 0.2182607
1.3830160 0.1905322 0.4264518
1.2651911 0.4514815 0.2833274
1.5033967 0.2468830 0.2497202
1.4159764 0.3344212 0.2496024
1.1753657 0.4585420 0.3660921
1.4355171 0.3020625 0.2624204
1.6109407 0.1892899 0.1997694
1.4591341 0.2935908 0.2472751
1.5956881 0.2178551 0.1864567
1.7001679 0.1390225 0.1608095
1.6291841 0.1917387 0.1790772
1.3169297 0.4480913 0.2349790
1.6726191 0.1645820 0.1627990
0.9013388 0.7946631 0.3039981
0.8340979 0.8770971 0.2888052
1.6182153 0.1972398 0.1845449
1.6477363 0.1661750 0.1860888
1.2252560 0.5195754 0.2551687
1.2472509 0.4916489 0.2611002
1.3428760 0.4142271 0.2428968
1.3459313 0.3451179 0.3089508
1.2386004 0.4291546 0.3322450
1.4087987 0.3551481 0.2360530
1.0328254 0.6769021 0.2902726
1.4128617 0.3230634 0.2640750
1.1950492 0.3301869 0.4747640
1.1952484 0.5125277 0.2922238
1.4476702 0.3227503 0.2295794
1.1407218 0.3932295 0.4660487
1.4992964 0.2715089 0.2291946
1.4688637 0.2702829 0.2608534
1.5656338 0.2335735 0.2007927
1.6339306 0.1977531 0.1683163
1.3045584 0.3930029 0.3024388
1.5958769 0.2135808 0.1905423
1.6123434 0.2090222 0.1786343
1.5710459 0.2258274 0.2031266
1.4610566 0.2858571 0.2530863
1.5468708 0.2108989 0.2422302
1.5177835 0.1569032 0.3253134
1.4677210 0.2916131 0.2406660
1.6270547 0.1740102 0.1989351
1.6838412 0.1512717 0.1648872
1.4781106 0.2844040 0.2374854
1.6118059 0.1862703 0.2019238
1.6876464 0.1504699 0.1618837
1.3424578 0.3570164 0.3005258
1.5026386 0.2810890 0.2162725
1.6622677 0.1275117 0.2102207
1.5731865 0.2292823 0.1975311
1.4312894 0.3319088 0.2368017
1.4286472 0.2860881 0.2852646
1.3067801 0.4505136 0.2427063
1.5646932 0.2261545 0.2091523
1.0758674 0.6189479 0.3051848
1.4175812 0.3359230 0.2464958
1.2068088 0.2417537 0.5514376
1.6106367 0.1988555 0.1905076
1.2733657 0.4865115 0.2401228
1.1825397 0.2470367 0.5704236
1.5910327 0.2142312 0.1947360
1.3074200 0.3848163 0.3077637
1.4932184 0.2893841 0.2173975
1.3039968 0.3640126 0.3319906
1.4823465 0.3027664 0.2148871
1.6154389 0.2039565 0.1806044
1.1118093 0.6168095 0.2713813
1.5731182 0.2080856 0.2187962
1.0566565 0.6223686 0.3209749
1.3507226 0.2559671 0.3933104
1.6893381 0.1402835 0.1703783
1.6116853 0.2013313 0.1869835
1.1516351 0.4970112 0.3513538
1.6130192 0.1767339 0.2102469
1.2305614 0.4842560 0.2851826
1.4843880 0.2818139 0.2337981
1.4273131 0.3526248 0.2200620
1.6085646 0.2160240 0.1754114
1.7149091 0.1154932 0.1695979
1.0144296 0.7187183 0.2668520
1.4486285 0.2768571 0.2745144
1.1757437 0.2445071 0.5797491
1.3756484 0.3121755 0.3121760
1.4208281 0.3154354 0.2637366
1.0462298 0.6689031 0.2848670
1.4149551 0.2017701 0.3832748
1.0258827 0.5678850 0.4062324
1.5971258 0.2328711 0.1700032
1.5104542 0.2763454 0.2132003
1.0112281 0.6941516 0.2946203
1.2111925 0.5193675 0.2694401
1.7361677 0.1126928 0.1511394
1.4520497 0.2877264 0.2602240
1.6102488 0.2080499 0.1817012
1.4624183 0.3237318 0.2138498
1.2636455 0.4743630 0.2619916
1.6471102 0.1727903 0.1800996
1.2105072 0.4282873 0.3612055
0.8621309 0.6280062 0.5098629
1.3451223 0.3283187 0.3265589
1.7106788 0.1267412 0.1625799
1.7019627 0.1396899 0.1583475
1.5545609 0.2423283 0.2031108
1.3392365 0.3945132 0.2662503
1.2949516 0.2541783 0.4508701
0.9205362 0.7870041 0.2924598
1.6273782 0.1768032 0.1958185
1.6617093 0.1625741 0.1757166
1.6027807 0.2082099 0.1890093
1.7340795 0.1134622 0.1524583
1.1786876 0.5222721 0.2990403
1.4772723 0.3106059 0.2121217
1.7045910 0.1250767 0.1703322
1.6125028 0.1959843 0.1915131
1.5529103 0.2440765 0.2030132
1.6406407 0.1781605 0.1811988
1.3394368 0.3962242 0.2643389
1.2522619 0.4902331 0.2575050
1.5304968 0.2713500 0.1981533
1.6291775 0.1835527 0.1872699
1.7428976 0.1128819 0.1442206
1.7262508 0.1215735 0.1521758
1.6693647 0.1512383 0.1793972
1.7087084 0.1248051 0.1664865
1.6266396 0.1901124 0.1832480
1.6242445 0.1789431 0.1968124
1.2711473 0.4650268 0.2638260
1.5662761 0.2270918 0.2066321
1.3591530 0.3031715 0.3376755
1.0942442 0.2623665 0.6433893
1.2549930 0.4489294 0.2960777
1.3274509 0.3612591 0.3112902
1.3155705 0.4355339 0.2488957
1.4937398 0.2569139 0.2493463
1.5115260 0.2324265 0.2560475
1.5023620 0.2402814 0.2573566
1.3926294 0.3518265 0.2555441
1.6205374 0.1714377 0.2080250
1.2597219 0.3709679 0.3693103
1.6793683 0.1664437 0.1541881
1.3196468 0.4349125 0.2454408
1.4330847 0.3364586 0.2304566
1.5777273 0.2274382 0.1948345
0.9937027 0.7342349 0.2720624
1.1996706 0.5522902 0.2480392
1.4563663 0.3298773 0.2137564
1.1817467 0.4173993 0.4008541
1.3534168 0.3233260 0.3232572
1.6446340 0.1731309 0.1822350
1.1617630 0.5591754 0.2790616
1.3998084 0.3862615 0.2139301
1.5000696 0.2504455 0.2494848
1.5160959 0.2760389 0.2078653
1.5685802 0.2198754 0.2115445
1.6431372 0.1692823 0.1875803
1.1870726 0.5200048 0.2929227
1.3385137 0.4196634 0.2418229
1.6352657 0.1849225 0.1798117
1.4968362 0.2770015 0.2261623
1.6156443 0.1852723 0.1990833
1.5431027 0.2646790 0.1922183
1.6065035 0.1805007 0.2129958
0.9288589 0.6730082 0.3981329
1.4281864 0.3241675 0.2476461
1.4830470 0.2768170 0.2401361
1.3410547 0.4316456 0.2272998
1.0585046 0.4820619 0.4594335
1.4706924 0.1712081 0.3580997
1.5284350 0.2539748 0.2175903
1.5788170 0.2313658 0.1898172
1.4389107 0.2526461 0.3084432
1.5615506 0.2029928 0.2354566
1.5239875 0.2767689 0.1992435
0.8052827 0.9081972 0.2865202
1.3222165 0.4185967 0.2591869
1.5210252 0.2571447 0.2218301
1.4558303 0.2363163 0.3078534
1.3321197 0.1628872 0.5049931
1.5183537 0.1988751 0.2827711
1.1831472 0.3675498 0.4493029
1.6109710 0.1927027 0.1963264
1.4167297 0.3593520 0.2239183
1.4882191 0.2874961 0.2242848
1.6465837 0.1376229 0.2157934
1.3172328 0.4261402 0.2566270
1.3327748 0.4076503 0.2595749
1.3546240 0.3820432 0.2633327
1.5854689 0.2236243 0.1909067
0.9401842 0.6027398 0.4570760
1.5404681 0.2493589 0.2101729
1.5861988 0.2104649 0.2033364
1.5167334 0.2323283 0.2509384
1.5471923 0.1912010 0.2616066
1.5618944 0.2396731 0.1984324
1.6413163 0.1756998 0.1829839
1.1617405 0.5991392 0.2391202
1.0793087 0.6500621 0.2706293
1.6696658 0.1484182 0.1819160
1.6006136 0.2092839 0.1901024
1.3839922 0.3717104 0.2442973
1.3039957 0.2398337 0.4561705
1.3187966 0.4159086 0.2652948
1.5872301 0.2149930 0.1977769
1.4591267 0.2967708 0.2441025
0.9819846 0.7059797 0.3120357
1.1156509 0.4972580 0.3870911
1.3935907 0.2584604 0.3479488
1.7394398 0.1158096 0.1447504
1.4887059 0.2787265 0.2325677
1.7593904 0.1005601 0.1400496
1.5483829 0.1990407 0.2525764
1.2019534 0.5026771 0.2953694
1.5702832 0.2183222 0.2113947
1.7387295 0.1070442 0.1542263
0.8347639 0.7826173 0.3826188
1.6254048 0.1920035 0.1825916
1.5053291 0.2551830 0.2394879
0.9661100 0.7387826 0.2951074
1.4428673 0.3228985 0.2342342
1.6976674 0.1418148 0.1605177
1.7296387 0.1140403 0.1563210
1.5786898 0.2370695 0.1842405
1.3504063 0.4033058 0.2462879
1.1282848 0.5605730 0.3111421
1.2369794 0.4883400 0.2746807
1.4340801 0.3417690 0.2241508
1.1501589 0.5597059 0.2901354
0.9090608 0.8248023 0.2661369
1.6604035 0.1581025 0.1814940
1.1769614 0.5558467 0.2671919
1.5717098 0.2194166 0.2088735
1.0902191 0.1827387 0.7270421
1.6934729 0.1302342 0.1762928
1.2141194 0.2017570 0.5841236
1.4902985 0.2653332 0.2443683
1.2076094 0.4292385 0.3631521
1.3158512 0.2355196 0.4486290
1.5307677 0.2605715 0.2086607
1.3196955 0.2505544 0.4297500
1.0565805 0.6520541 0.2913653
1.3007762 0.3796137 0.3196100
1.5789495 0.2002186 0.2208319
1.7093253 0.1354443 0.1552303
1.2589717 0.4379860 0.3030423
1.3215415 0.4108529 0.2676056
1.6639998 0.1608580 0.1751422
1.2938426 0.4522958 0.2538617
1.5068822 0.2675270 0.2255908
1.2270958 0.5236135 0.2492906
1.6509500 0.1732919 0.1757581
1.5294207 0.2683627 0.2022165
1.6090940 0.1905766 0.2003294
1.6301305 0.1881618 0.1817075
1.4982865 0.2552216 0.2464920
1.5923569 0.2154209 0.1922221
1.2037370 0.5067492 0.2895137
1.4352617 0.3158634 0.2488748
1.5442464 0.2276112 0.2281424
1.3791714 0.3668249 0.2540037
1.2414143 0.1787781 0.5798075
1.1688595 0.5642921 0.2668483
1.3060054 0.4468059 0.2471887
1.4097321 0.3689419 0.2213260
0.2575673 1.5144243 0.2280082
1.2539296 0.4072748 0.3387956
0.4581575 0.8352908 0.7065517
0.6331602 1.0786203 0.2882195
0.5273539 0.9874036 0.4852425
0.8423011 0.6157101 0.5419888
0.7594330 0.9528198 0.2877471
0.5435861 1.1131619 0.3432519
1.1754155 0.5431166 0.2814679
0.8405352 0.6451784 0.5142863
0.5249182 1.2060922 0.2689897
1.1549551 0.5647433 0.2803015
0.4318634 1.2991819 0.2689546
0.8249250 0.8877267 0.2873483
0.3643126 1.2662973 0.3693900
1.2956737 0.4265912 0.2777351
0.7575936 0.8989346 0.3434718
0.4214313 1.2883736 0.2901950
0.4777526 1.2042797 0.3179677
1.0169172 0.5776575 0.4054253
0.4375134 1.1160592 0.4464273
0.3919875 1.3533776 0.2546349
0.9418495 0.7516939 0.3064568
0.4976599 1.2484601 0.2538801
0.3574569 1.4024825 0.2400606
0.8458068 0.8509028 0.3032903
0.5544108 1.1714491 0.2741403
0.5128186 1.1972802 0.2899013
1.3531094 0.3670119 0.2798788
1.0798345 0.6088215 0.3113440
0.9981792 0.6968521 0.3049687
0.6890486 0.9817542 0.3291972
0.2732512 1.5057466 0.2210021
0.5946800 1.0341878 0.3711322
0.7607936 0.8992594 0.3399469
0.6029608 0.5891851 0.8078541
0.3109170 1.4540263 0.2350566
0.3758061 1.3351223 0.2890715
0.8013929 0.8700156 0.3285915
0.7417554 0.8704274 0.3878171
0.5734587 1.1645694 0.2619719
1.0092121 0.6957185 0.2950694
0.3378180 1.4033139 0.2588682
0.3954042 1.3179712 0.2866246
0.3752384 1.3262463 0.2985154
1.3857858 0.3482155 0.2659988
1.1900400 0.5610453 0.2489147
0.3417070 1.2478638 0.4104291
0.2968514 1.4886789 0.2144696
0.6141434 1.0293272 0.3565295
0.3736719 1.1606838 0.4656444
0.6723242 0.7721567 0.5555192
0.3936870 1.2994316 0.3068814
0.6636605 1.0656950 0.2706442
0.3118892 1.4172217 0.2708892
0.7175004 1.0170405 0.2654591
1.1864367 0.4859801 0.3275833
1.6489952 0.1705261 0.1804788
1.2429546 0.4462444 0.3108009
0.3422515 1.3640385 0.2937101
0.7065383 1.0023439 0.2911178
0.3805637 1.3598657 0.2595707
0.6529589 1.0183725 0.3286687
0.7360580 0.9703356 0.2936064
0.8707563 0.7883694 0.3408743
0.5405061 1.0705941 0.3888998
0.9765189 0.7160413 0.3074399
0.5589396 1.1406741 0.3003863
0.5811061 1.0987804 0.3201135
0.3672042 1.3192053 0.3135905
0.2671977 1.4323289 0.3004733
0.4217381 1.2834660 0.2947959
1.1101918 0.6160875 0.2737206
0.8433478 0.8731002 0.2835521
0.8155524 0.8311741 0.3532736
0.5614263 1.1626160 0.2759578
0.8724397 0.8313562 0.2962041
0.3025838 1.4396358 0.2577804
0.8330355 0.8837631 0.2832015
0.3939328 0.9688339 0.6372333
0.4764647 1.2160207 0.3075145
0.4568206 1.1910770 0.3521024
0.2728939 1.4780238 0.2490823
0.9857023 0.6835393 0.3307583
1.0867780 0.6477225 0.2654994
0.6863483 0.9923856 0.3212660
0.5740415 1.1331146 0.2928438
0.5593809 1.1806178 0.2600014
0.6563851 0.7989196 0.5446951
0.7844381 0.9376251 0.2779368
0.9283423 0.7530750 0.3185827
0.3644767 1.3015879 0.3339354
1.0277641 0.6761423 0.2960936
1.0368756 0.6889009 0.2742235
0.2720617 1.4213955 0.3065428
0.6462458 1.0233247 0.3304295
1.0179029 0.5573933 0.4247039
0.5670059 0.6923249 0.7406693
1.1216710 0.5681557 0.3101733
0.8913614 0.8246431 0.2839955
0.7067747 0.9175967 0.3756287
0.4233831 1.2222800 0.3543369
0.3941137 1.3540201 0.2518663
1.0841484 0.6239582 0.2918935
1.1548176 0.5495215 0.2956608
0.3354235 1.4342299 0.2303466
0.4437249 1.3064719 0.2498031
0.3138359 1.4561521 0.2300121
1.3215714 0.3719855 0.3064431
0.3569276 1.3393908 0.3036816
1.3166432 0.4182469 0.2651099
0.8401397 0.7890453 0.3708150
0.6684459 1.0203705 0.3111834
1.0281675 0.4427165 0.5291160
0.3829998 1.3496938 0.2673064
0.9999616 0.6782081 0.3218304
1.0343057 0.4289703 0.5367240
0.5271552 1.1490467 0.3237981
0.2329582 1.5561018 0.2109400
1.0270585 0.7237502 0.2491913
0.4420805 1.2795525 0.2783670
0.9423431 0.7698016 0.2878553
0.4696752 1.2379527 0.2923722
0.4292257 1.2783163 0.2924581
0.7025436 1.0306282 0.2668282
1.5933375 0.2047413 0.2019212
0.5793743 1.1563220 0.2643037
1.3210846 0.4320106 0.2469048
0.6609467 0.7790931 0.5599602
0.8082490 0.7414923 0.4502588
1.0144392 0.7067473 0.2788133
0.6516105 1.0878063 0.2605832
0.6251303 1.0568956 0.3179741
1.0067210 0.7250880 0.2681912
1.0963864 0.5708005 0.3328130
0.5394258 1.1112632 0.3493111
0.4228793 1.3308387 0.2462821
0.8298255 0.7977071 0.3724675
0.3914768 0.7832557 0.8252674
0.3593050 1.4193377 0.2213573
0.4365083 0.9686476 0.5948441
1.0999088 0.5794242 0.3206671
0.2936721 1.4245753 0.2817525
0.4093367 1.2612152 0.3294482
0.3698033 1.4106163 0.2195804
0.5551769 1.1809783 0.2638448
0.5296707 1.1842002 0.2861292
0.3469928 1.4151241 0.2378831
0.4637989 1.2545213 0.2816798
1.0044012 0.6925116 0.3030872
0.4453991 0.9242250 0.6303759
0.3181580 1.3755796 0.3062624
0.8841350 0.6500902 0.4657747
0.6198015 1.0156325 0.3645660
1.2769315 0.4085741 0.3144943
0.3719657 0.9479091 0.6801252
0.8446515 0.8846761 0.2706724
1.1202439 0.5055984 0.3741577
1.2418220 0.4583042 0.2998738
0.3515498 1.3374982 0.3109520
0.5323913 1.0799568 0.3876519
0.6646644 1.0165126 0.3188230
0.4252535 1.2179275 0.3568191
0.5866478 1.0560143 0.3573380
0.4095578 1.2790382 0.3114042
0.8493457 0.8651174 0.2855369
0.7094433 0.9569931 0.3335636
1.3942591 0.3511775 0.2545635
0.8693261 0.5379100 0.5927640
0.6433727 1.0522556 0.3043717
0.3069239 1.4324131 0.2606629
0.8111824 0.8560951 0.3327226
0.4259443 1.3448880 0.2291677
0.3912431 1.3241429 0.2846138
1.5548422 0.2363067 0.2088510
0.4518649 1.2706656 0.2774694
0.4082336 1.2893449 0.3024214
1.4678509 0.2872251 0.2449238
1.0755962 0.6324248 0.2919791
0.9455165 0.7356459 0.3188377
0.4957380 1.0117123 0.4925497
0.5829679 1.1389310 0.2781012
0.7021326 0.9072058 0.3906615
0.3073286 1.4708819 0.2217895
0.5510648 1.1863480 0.2625873
0.3211403 1.4263598 0.2524998
0.7703916 0.9200742 0.3095343
0.9333817 0.7629758 0.3036426
1.3649657 0.3465818 0.2884525
0.4556783 1.2257565 0.3185651
0.4518916 1.2526470 0.2954614
1.0436513 0.6693259 0.2870229
0.7467471 0.9915848 0.2616680
0.7836737 0.8604804 0.3558459
0.5285342 1.1489015 0.3225645
0.5664393 1.1532111 0.2803495
1.1058295 0.6145718 0.2795987
0.5985085 1.0934081 0.3080834
1.2453957 0.3842644 0.3703398
0.2741234 1.4479997 0.2778768
0.5520130 1.1530831 0.2949039
0.2765646 1.4015284 0.3219070
0.3345042 1.3353964 0.3300993
1.3803598 0.3678879 0.2517524
0.6954192 0.7451738 0.5594071
0.5799062 1.0838203 0.3362735
0.6809573 0.8260972 0.4929455
0.4728168 1.2369232 0.2902599
0.4952080 1.0371529 0.4676391
0.4573678 1.2958710 0.2467610
1.1183858 0.5970020 0.2846123
0.7747673 0.8302697 0.3949631
0.5789883 1.1000708 0.3209409
0.4420785 1.2744629 0.2834586
0.8362180 0.8880980 0.2756839
0.5207182 1.2329684 0.2463133
0.7118826 1.0023122 0.2858052
1.2553993 0.4867132 0.2578876
0.8365973 0.8961710 0.2672315
0.3559909 1.3745711 0.2694380
0.6752274 0.9391286 0.3856440
0.3930606 1.2451193 0.3618201
1.1211169 0.5987701 0.2801130
1.1717474 0.5446790 0.2835735
0.8260146 0.8577958 0.3161896
0.4085641 1.3061140 0.2853218
0.5486975 1.1034946 0.3478077
0.5350406 1.1649160 0.3000435
0.6040459 1.1374421 0.2585121
0.8751184 0.6432639 0.4816176
1.1181666 0.5490026 0.3328308
0.3510154 1.1732082 0.4757764
1.0181882 0.6303914 0.3514203
1.0042744 0.7153596 0.2803659
0.8439814 0.8740084 0.2820102
0.2943169 1.4296515 0.2760317
0.4802153 1.2174926 0.3022920
0.6183828 1.1179105 0.2637066
0.4417641 1.2979603 0.2602757
0.3925737 1.2130225 0.3944039
0.3526846 1.2755909 0.3717244
1.3152802 0.4346149 0.2501050
0.4511619 1.2824416 0.2663965
0.3396833 1.3956624 0.2646542
0.2986880 1.3868428 0.3144692
0.2242743 1.5787334 0.1969923
0.7648507 0.9308653 0.3042841
1.3740025 0.3906542 0.2353434
0.6859463 0.8458277 0.4682259
1.2154323 0.3443315 0.4402362
0.6922094 1.0376999 0.2700908
0.3942813 1.3446016 0.2611171
0.7343961 0.9683430 0.2972610
0.3467931 1.3277600 0.3254470
0.9396060 0.5840387 0.4763554
0.4901851 1.2129819 0.2968329
0.5191175 1.1687613 0.3121212
0.6456934 1.0873899 0.2669166
0.5659961 1.1382384 0.2957655
0.8325636 0.7280195 0.4394168
1.3322434 0.3876305 0.2801262
1.1769744 0.5682045 0.2548210
0.8197508 0.8353772 0.3448719
0.7149476 0.9584994 0.3265531
0.8560792 0.6402350 0.5036858
0.8937933 0.7577696 0.3484371
1.0322061 0.6419073 0.3258866
0.5572523 0.7450332 0.6977145
0.4343632 1.2695459 0.2960910
0.4672887 1.2489107 0.2838007
0.9970255 0.6172802 0.3856943
0.9824404 0.5933959 0.4241637
0.6368024 1.0518361 0.3113614
0.3444000 1.4371719 0.2184281
0.2339063 1.4895315 0.2765622
0.9651495 0.6609656 0.3738850
0.4239807 1.0239049 0.5521145
1.0806627 0.6342055 0.2851319
1.4693449 0.3119537 0.2187014
0.3461901 1.4069161 0.2468936
0.4965210 1.2515095 0.2519694
1.1100045 0.5998831 0.2901123
0.5231531 1.2111771 0.2656698
0.8653220 0.8381634 0.2965146
0.3242471 1.4037442 0.2720088
0.3759845 1.3032720 0.3207435
0.4006558 1.3136520 0.2856923
0.5976694 0.9357468 0.4665839
0.6743864 0.9782411 0.3473726
0.8146021 0.5588936 0.6265043
0.6465174 0.9624231 0.3910595
0.6655822 1.0490803 0.2853375
0.4356245 1.2630992 0.3012763
0.3831506 1.1282313 0.4886181
0.3651890 1.3299228 0.3048882
0.6607671 0.9195416 0.4196913
0.2720929 1.4684963 0.2594107
0.1767578 1.6351268 0.1881155
0.2206720 1.5347106 0.2446174
0.2113584 1.5450470 0.2435946
0.1816999 1.6286284 0.1896717
0.2208618 1.5480746 0.2310637
0.2144176 1.5673757 0.2182066
0.1716177 1.6374176 0.1909650
0.2076932 1.5695512 0.2227555
0.1989355 1.5523316 0.2487329
0.3132364 1.2743452 0.4124184
0.2455418 1.5411229 0.2133352
0.2822019 1.4289708 0.2888273
0.2051377 1.5898625 0.2049999
0.1780650 1.6286130 0.1933220
0.1974626 1.5813699 0.2211675
0.1885186 1.6219816 0.1894998
0.2510048 1.4585619 0.2904332
0.2420354 1.5362468 0.2217178
0.3688595 1.3783579 0.2527827
0.2497696 1.5379888 0.2122417
0.1964882 1.6089203 0.1945914
0.3121099 1.4489932 0.2388969
0.1747316 1.6326593 0.1926091
0.1744854 1.6354791 0.1900356
0.2727201 1.3709005 0.3563794
0.2804978 1.4613969 0.2581052
0.2013120 1.5980494 0.2006386
0.2353362 1.4971395 0.2675244
0.1752274 1.6261837 0.1985889
0.2362250 1.5248077 0.2389674
0.2022764 1.5887065 0.2090170
0.4308335 1.2426726 0.3264939
0.1968937 1.5796623 0.2234441
0.4201093 1.2547960 0.3250947
0.5628204 0.9549283 0.4822513
0.2025212 1.5861489 0.2113299
0.2684108 1.2818372 0.4497519
0.2336977 1.5574932 0.2088090
0.6001770 0.8433254 0.5564975
0.1825733 1.6206684 0.1967583
0.6555479 1.0207295 0.3237226
0.1940942 1.6058724 0.2000335
0.2093523 1.5815537 0.2090941
0.2740449 1.4224846 0.3034704
0.4046501 1.2360680 0.3592818
0.1944489 1.6027970 0.2027541
0.2193683 1.5594716 0.2211600
0.2456179 1.5220420 0.2323400
0.2543543 1.5228385 0.2228072
0.2370866 1.5372530 0.2256604
0.2030272 1.5590168 0.2379561
0.2215877 1.5403748 0.2380375
0.2010345 1.5874872 0.2114783
0.2646955 1.4637628 0.2715417
0.2710809 1.3504224 0.3784966
0.3017802 1.1108265 0.5873933
0.2320047 1.5462337 0.2217617
0.1965763 1.5960326 0.2073911
0.2029484 1.5971012 0.1999505
0.2206593 1.5421228 0.2372177
0.1697278 1.6399611 0.1903112
0.1889835 1.5744638 0.2365528
0.2464729 1.5039370 0.2495902
0.2107002 1.5499141 0.2393856
0.1935358 1.6118319 0.1946322
0.3394176 1.3897307 0.2708518
0.2156579 1.5422230 0.2421191
0.2400785 1.5435236 0.2163979
0.2282705 1.5441778 0.2275516
0.2741631 1.3184290 0.4074080
0.2008149 1.5841556 0.2150296
0.2116281 1.5630907 0.2252812
0.2170588 1.5401118 0.2428293
0.2026340 1.5931085 0.2042575
0.2515495 1.4837064 0.2647441
0.2058938 1.5894709 0.2046354
0.2255113 1.5382073 0.2362815
0.4355519 1.1919550 0.3724931
0.2118621 1.5881003 0.2000376
0.2272106 1.5267398 0.2460495
0.2054269 1.5493301 0.2452430
0.3905979 1.2681211 0.3412809
0.2897895 1.4873395 0.2228710
0.2961986 1.1920741 0.5117273
0.2551004 1.4976531 0.2472464
0.2115580 1.5622439 0.2261980
0.2384311 1.5332778 0.2282912
0.2258967 1.5573897 0.2167136
0.1797031 1.6282015 0.1920953
0.2442207 1.4876678 0.2681115
0.2678835 1.4831812 0.2489352
0.4423959 1.2376906 0.3199136
0.4149004 1.1676073 0.4174923
0.2964042 1.2364528 0.4671430
0.2676941 1.4228088 0.3094971
0.3519958 1.2027669 0.4452373
0.3086909 1.4323689 0.2589402
0.2312895 1.4921476 0.2765629
0.2593652 1.4534736 0.2871613
0.2015293 1.5828564 0.2156143
0.2101485 1.5696476 0.2202041
0.2685716 1.4596562 0.2717721
0.2640321 1.3460467 0.3899214
0.2301263 1.4874358 0.2824379
0.2013443 1.5653980 0.2332578
0.1817243 1.6217422 0.1965335
0.2076461 1.5734911 0.2188628
0.2439135 1.5292776 0.2268088
0.2214930 1.5607960 0.2177111
0.2260059 1.5697424 0.2042516
0.2145553 1.5777249 0.2077198
0.2146534 1.5405440 0.2448026
0.3576871 1.2703500 0.3719628
0.3103063 1.3084890 0.3812047
0.2473399 1.4707963 0.2818637
0.4334625 1.2635831 0.3029545
0.2153344 1.5339003 0.2507652
0.2003487 1.5336556 0.2659957
0.2789217 1.2159415 0.5051367
0.2912902 1.3963052 0.3124046
0.2855563 1.4596205 0.2548233
0.1807977 1.6235746 0.1956278
0.2319720 1.4985859 0.2694420
0.2449824 1.5087949 0.2462228
0.2986805 1.4102755 0.2910441
0.1921623 1.5970392 0.2107984
0.1973954 1.5960456 0.2065591
0.2070497 1.5953385 0.1976119
0.3851840 0.8679094 0.7469065
0.2302054 1.3600217 0.4097729
0.2200328 1.5386822 0.2412849
0.1850046 1.6187909 0.1962047
0.1968028 1.5972493 0.2059480
0.2483279 1.4974339 0.2542382
0.2284510 1.4830472 0.2885017
0.2143804 1.5589437 0.2266757
0.1848296 1.6199832 0.1951872
0.2433411 1.4977605 0.2588985
0.2130454 1.5330930 0.2538615
0.2100066 1.5579054 0.2320880
0.2316931 1.5006337 0.2676732
0.2481161 1.5119398 0.2399441
0.3120523 1.2070681 0.4808795
0.2479853 1.5174421 0.2345726
0.1689111 1.6478384 0.1832505
0.2093056 1.5685329 0.2221614
0.3606253 1.0881516 0.5512230
0.3763689 1.3637395 0.2598916
0.1885733 1.6107340 0.2006927
0.2663918 1.4001740 0.3334343
0.1683647 1.6459265 0.1857087
0.3770006 1.3113439 0.3116556
0.2776918 1.4733281 0.2489801
0.2392025 1.4418060 0.3189915
0.2537216 1.4895762 0.2567022
0.3295603 1.3498234 0.3206162
0.2003945 1.5494871 0.2501183
0.3421647 1.3570919 0.3007435
0.2189876 1.5469246 0.2340879
0.1722507 1.6348460 0.1929032
0.2230494 1.5579342 0.2190164
0.2600553 1.4597290 0.2802156
0.2006572 1.5698676 0.2294752
0.1945348 1.5919437 0.2135216
0.2401074 1.5152316 0.2446609
0.4251026 1.2852893 0.2896081
0.2372298 1.5067225 0.2560477
0.1852913 1.6040967 0.2106120
0.2078102 1.5620253 0.2301645
0.2632282 1.5083429 0.2284289
0.2923261 1.4586942 0.2489797
0.2039135 1.5818020 0.2142845
0.2054591 1.5671928 0.2273480
0.2322811 1.5110109 0.2567081
0.2064548 1.5722141 0.2213310
0.2091922 1.5760455 0.2147623
0.2738556 1.4715931 0.2545512
0.2156047 1.5779388 0.2064566
0.2592666 1.4893266 0.2514068
0.4602783 1.1486812 0.3910405
0.2460908 1.5011449 0.2527644
0.1881206 1.5917479 0.2201314
0.2434621 1.4843867 0.2721510
0.1904980 1.5967669 0.2127350
0.1970237 1.5955169 0.2074594
0.1933219 1.5946972 0.2119808
0.2740591 1.4989376 0.2270034
0.2567160 1.5035694 0.2397146
0.2213956 1.5577397 0.2208647
0.2376044 1.5552342 0.2071613
0.7035959 0.6885866 0.6078175
0.7335522 0.9608803 0.3055675
0.2229348 1.5602937 0.2167716
0.2245290 1.5432906 0.2321805
0.3891448 1.2294941 0.3813612
0.3026238 1.2898524 0.4075238
0.2047659 1.5931081 0.2021260
0.2393206 1.5454366 0.2152428
0.1947860 1.5986273 0.2065867
0.2888198 1.3705853 0.3405949
0.2179644 1.5709586 0.2110769
0.2452024 1.4937778 0.2610198
0.2314275 1.5180731 0.2504994
0.2717058 1.4860831 0.2422110
0.7118075 0.9038746 0.3843178
0.2229972 1.4550381 0.3219647
0.3467688 1.2236619 0.4295692
0.2615522 1.5090148 0.2294330
0.3042577 1.4380946 0.2576478
0.2641017 1.4555287 0.2803695
0.1959194 1.5857966 0.2182840
0.2248338 1.5565698 0.2185964
0.1750424 1.6384265 0.1865311
0.2478591 1.4758379 0.2763029
0.2008091 1.5932620 0.2059289
0.3086391 1.4410937 0.2502671
0.1816134 1.6235079 0.1948787
0.2111834 1.5935559 0.1952607
0.4703129 1.0779849 0.4517022
0.2095007 1.5713336 0.2191656
0.3807867 1.3499225 0.2692907
0.2081272 1.5700967 0.2217760
0.2670139 1.4819541 0.2510320
0.1937943 1.5861635 0.2200423
0.2713063 1.4560100 0.2726838
0.5232317 1.1824203 0.2943481
0.2704592 1.4422860 0.2872547
0.1803004 1.6248873 0.1948122
0.2611030 1.5210855 0.2178113
0.3361068 1.3056450 0.3582481
0.2441325 1.4973577 0.2585098
0.2792530 1.3331357 0.3876112
0.2198200 1.4825191 0.2976609
0.4196407 1.2887262 0.2916331
0.2806450 1.4795675 0.2397875
0.1812524 1.6207656 0.1979821
0.3831139 1.2465283 0.3703579
0.2538098 1.5191822 0.2270080
0.2057393 1.5818412 0.2124194
0.3419227 1.2923621 0.3657152
0.2301036 1.5500960 0.2198004
0.4483932 1.1932051 0.3584016
0.2719401 1.4717128 0.2563470
0.2434205 1.5543419 0.2022376
0.2081926 1.5718569 0.2199506
0.1822836 1.6222875 0.1954289
0.3687209 1.3821709 0.2491081
0.1985814 1.5861700 0.2152486
0.5386813 1.0901179 0.3712007
0.3115762 1.4190506 0.2693731
0.2009888 1.5842270 0.2147842
0.2400873 1.5200938 0.2398189
0.3248389 1.4251640 0.2499970
0.1914438 1.6024039 0.2061523
0.2603921 1.4817281 0.2578797
0.3358482 1.3269238 0.3372279
0.1960850 1.5884087 0.2155063
0.2116833 1.5650530 0.2232637
0.2049023 1.5773139 0.2177839
0.2950608 1.4128590 0.2920804
0.1598038 1.6632204 0.1769759
0.1911274 1.5998791 0.2089935
0.2086336 1.5747273 0.2166391
0.1924320 1.6081883 0.1993797
0.2271545 1.5399624 0.2328831
0.3919746 1.2935381 0.3144873
0.2586737 1.4688001 0.2725262
0.1825314 1.6165342 0.2009344
0.2461351 1.4070036 0.3468612
0.2715178 1.4830428 0.2454394
0.2086313 1.5737157 0.2176530
0.2233644 1.5357156 0.2409199
0.2003036 1.6000850 0.1996114
0.2131009 1.5448120 0.2420872
0.3088231 1.4297777 0.2613992
0.2021075 1.6084993 0.1893932
0.2003315 1.5769098 0.2227587
0.1998293 1.5955673 0.2046034
0.3138309 1.2279563 0.4582127
0.1930682 1.5978334 0.2090984
0.2667955 1.4736685 0.2595360
0.2130248 1.5383061 0.2486690
0.2813759 1.4436884 0.2749359
0.1939258 1.5813960 0.2246783
0.2629294 1.4769260 0.2601447
0.4207817 1.2619224 0.3172959
0.3439381 1.2437968 0.4122652
0.2408406 1.5192156 0.2399439
0.1759451 1.6268787 0.1971761
0.3739070 1.1361146 0.4899785
0.2015943 1.5594443 0.2389615
0.2797058 1.4417610 0.2785331
0.2059633 1.5634313 0.2306055
0.2829275 1.4980526 0.2190198
0.2106549 1.5711231 0.2182220
0.2174940 1.5549232 0.2275828
0.2265724 0.2292967 1.5441309
0.4488397 0.3669280 1.1842322
0.4348702 0.7591513 0.8059786
0.2164642 0.1633692 1.6201665
0.2986626 0.2083214 1.4930160
0.3010297 0.3362415 1.3627288
0.1535843 0.1145410 1.7318747
0.1986978 0.1835981 1.6177040
0.2893552 0.3826933 1.3279517
0.4668785 0.3517141 1.1814075
0.2414616 0.3761265 1.3824120
0.2654413 0.2602046 1.4743540
0.2141010 0.2038565 1.5820425
0.1802988 0.1421697 1.6775315
0.7685876 0.3502674 0.8811452
0.1759860 0.1229598 1.7010543
0.2760850 0.2459875 1.4779274
0.2306247 0.2463177 1.5230576
0.1523265 0.1106160 1.7370576
0.1826562 0.1396112 1.6777325
0.4975598 0.1966538 1.3057864
0.3187389 0.2226904 1.4585706
0.1682757 0.1380721 1.6936522
0.3077950 0.2508852 1.4413197
0.1954687 0.1775295 1.6270019
0.2632840 0.1536947 1.5830214
0.2686993 0.1836651 1.5476356
0.3199313 0.1700706 1.5099981
0.3061226 0.2372586 1.4566189
0.2415886 0.2639221 1.4944894
0.2150320 0.1414157 1.6435522
0.5543803 0.2223834 1.2232363
0.1897181 0.1795117 1.6307702
0.2568791 0.1728885 1.5702324
0.3200107 0.2828936 1.3970958
0.1785260 0.1267626 1.6947114
0.2871417 0.2209775 1.4918808
0.2968280 0.3005692 1.4026027
0.4315795 0.1802815 1.3881390
0.4879976 0.2037521 1.3082503
0.2243303 0.2174127 1.5582571
0.3657703 0.2496769 1.3845530
0.2864971 0.3833869 1.3301160
0.7052901 0.3618188 0.9328911
0.1743518 0.1239875 1.7016606
0.1981504 0.1644575 1.6373920
0.2727761 0.2658293 1.4613945
0.2460829 0.1814096 1.5725076
0.2725078 0.1963991 1.5310932
0.2446700 0.2829210 1.4724090
0.2099535 0.1584282 1.6316183
0.2207818 0.2858959 1.4933223
0.4698043 0.3832717 1.1469240
0.2239196 0.1568418 1.6192386
0.2107619 0.1763586 1.6128795
0.1811946 0.1498621 1.6689433
0.2237557 0.1935433 1.5827010
0.1964354 0.1024539 1.7011106
0.3103456 0.3953721 1.2942823
0.1631572 0.1516246 1.6852181
0.2437763 0.1851909 1.5710329
0.2653284 0.1956847 1.5389869
0.2000283 0.1529713 1.6470004
0.4194887 0.2644421 1.3160692
0.2107966 0.1310199 1.6581836
0.2211845 0.2156310 1.5631845
0.2677527 0.2528441 1.4794033
0.2698850 0.1949898 1.5351251
0.2423075 0.1808531 1.5768394
0.2116419 0.2095490 1.5788090
0.4056405 0.5016421 1.0927173
0.3383403 0.2387863 1.4228735
0.3041657 0.3683429 1.3274913
0.2174811 0.1551679 1.6273510
0.1910872 0.1517101 1.6572027
0.4094712 0.4411653 1.1493635
0.4256226 0.3673130 1.2070644
0.3382891 0.4984913 1.1632196
0.1949462 0.2291378 1.5759159
0.3419064 0.3019062 1.3561873
0.2379680 0.1637961 1.5982358
0.2097901 0.1712570 1.6189528
0.2488511 0.2308683 1.5202806
0.2358515 0.2772041 1.4869444
0.3398205 0.2936812 1.3664982
0.2632685 0.2132222 1.5235093
0.3221292 0.4498809 1.2279899
0.3519288 0.3814785 1.2665927
0.3340288 0.4430057 1.2229655
0.5065517 0.3185962 1.1748521
0.6673332 0.4055911 0.9270757
0.2233841 0.1783641 1.5982518
0.2050155 0.2059200 1.5890645
0.2492152 0.2296978 1.5210871
0.2184469 0.1717466 1.6098065
0.7859832 0.4141304 0.7998865
0.1593424 0.1377584 1.7028992
0.2881905 0.1782952 1.5335144
0.2609210 0.1472137 1.5918653
0.3664482 0.1577077 1.4758441
0.2741344 0.1507796 1.5750860
0.3042963 0.7119848 0.9837189
0.2176489 0.1675608 1.6147903
0.1847314 0.1420142 1.6732544
0.3475126 0.3893208 1.2631667
0.4507771 0.1715436 1.3776792
0.1811085 0.1501188 1.6687727
0.2802314 0.1976066 1.5221620
0.1887375 0.1335892 1.6776733
0.4892419 0.2265598 1.2841982
0.1852863 0.1252776 1.6894361
0.3133291 0.1893939 1.4972770
0.6871713 0.8332902 0.4795386
0.3283616 0.2574781 1.4141603
0.2029799 0.1614455 1.6355746
0.3122947 0.3063387 1.3813667
0.2453980 0.1391738 1.6154282
0.3060331 0.1699338 1.5240331
0.3063592 0.2396526 1.4539883
0.1857463 0.1660477 1.6482060
0.3048557 0.2065531 1.4885912
0.6049093 0.4556853 0.9394053
0.3191134 0.2099660 1.4709206
0.2579713 0.2657607 1.4762681
0.2042412 0.1562431 1.6395156
0.8147298 0.4148416 0.7704285
0.1968495 0.1468883 1.6562622
0.3037870 0.2115360 1.4846768
0.4541266 0.3905842 1.1552892
0.4492037 0.2533755 1.2974207
0.7714961 0.3733817 0.8551222
0.3526880 0.2698648 1.3774472
0.2788373 0.4485905 1.2725723
0.2035288 0.2085460 1.5879252
0.2833028 0.1454345 1.5712626
0.2041205 0.2247508 1.5711286
0.3006358 0.3085197 1.3908445
0.2998591 0.2594799 1.4406611
0.1725328 0.1376085 1.6898588
0.1856449 0.1171403 1.6972148
0.4130293 0.2005635 1.3864071
0.2154161 0.1663748 1.6182090
0.2326154 0.1683778 1.5990069
0.3312578 0.3447970 1.3239453
0.2769843 0.1527126 1.5703032
0.3628523 0.3345020 1.3026457
0.3952197 0.2542697 1.3505106
0.2705460 0.1564939 1.5729601
0.2217498 0.2688501 1.5094000
0.4399432 0.5295434 1.0305134
0.1443453 0.1171140 1.7385406
0.3006747 0.4097672 1.2895582
0.2160992 0.1518938 1.6320071
0.2202281 0.2282006 1.5515714
0.3497909 0.1979475 1.4522616
0.2204612 0.1442949 1.6352439
0.3404217 0.3294771 1.3301013
0.1768882 0.1243752 1.6987365
0.3041828 0.7415600 0.9542571
0.8391939 0.4660299 0.6947762
0.2377276 0.1973638 1.5649085
0.1970968 0.1315036 1.6713996
0.2684075 0.1955281 1.5360644
0.2593989 0.3403255 1.4002757
0.2145073 0.2270672 1.5584257
0.2435304 0.1726260 1.5838436
0.1944915 0.1237616 1.6817470
0.4962543 0.1774030 1.3263428
0.2891742 0.4410502 1.2697756
0.2153614 0.1755722 1.6090664
0.3169499 0.5456380 1.1374121
0.1980469 0.1680569 1.6338962
0.2047851 0.1601393 1.6350756
0.2407470 0.1515101 1.6077428
0.3039779 0.1861408 1.5098811
0.2209642 0.2396555 1.5393803
0.3080860 0.2707758 1.4211382
0.4574584 0.1907632 1.3517785
0.3167290 0.2566329 1.4266381
0.1818636 0.1622452 1.6558912
0.1738096 0.1401828 1.6860075
0.4259160 0.4072511 1.1668329
0.2261048 0.2128960 1.5609992
0.3543462 0.4773021 1.1683517
0.3507805 0.6761414 0.9730781
0.2685181 0.1610551 1.5704268
0.2086344 0.1552094 1.6361562
0.2587432 0.1588222 1.5824347
0.1974460 0.1487583 1.6537957
0.2918608 0.3060281 1.4021111
0.2411463 0.1952401 1.5636137
0.3011564 0.1724391 1.5264046
0.1965806 0.1677549 1.6356645
0.1665458 0.1243601 1.7090940
0.2964061 0.1870394 1.5165546
0.2993783 0.1993150 1.5013068
0.2168645 0.1646438 1.6184916
0.3384141 0.2435162 1.4180696
0.1870005 0.1537435 1.6592560
0.7509050 0.2364200 1.0126749
0.3633680 0.4596040 1.1770279
0.4151554 0.2382395 1.3466051
0.2336161 0.2008348 1.5655491
0.1927066 0.1361495 1.6711439
0.1663252 0.1477800 1.6858947
0.2507892 0.1987295 1.5504813
0.2534553 0.1677603 1.5787843
0.1827657 0.1264227 1.6908115
0.1829403 0.1170212 1.7000384
0.2009949 0.2146706 1.5843346
0.2960712 0.2439175 1.4600112
0.1809367 0.1550965 1.6639668
0.1606029 0.1122635 1.7271336
0.1969810 0.1281085 1.6749105
0.2091505 0.1350899 1.6557596
0.2565998 0.3041436 1.4392565
0.3941852 0.5220261 1.0837888
0.3327816 0.2981576 1.3690609
0.1709650 0.1162844 1.7127507
0.3927703 0.2166606 1.3905690
0.2088797 0.1493634 1.6417569
0.2242675 0.3009441 1.4747884
0.3124681 0.2822369 1.4052950
0.2522398 0.2779683 1.4697919
0.1993698 0.1372404 1.6633897
0.2556989 0.1520110 1.5922899
0.2930645 0.3760600 1.3308754
0.2095284 0.2121651 1.5783064
0.1971324 0.1632719 1.6395957
0.2451318 0.2610759 1.4937925
0.2588900 0.1438645 1.5972455
0.4193092 0.6396780 0.9410127
0.3275702 0.2823793 1.3900504
0.2898504 0.1587646 1.5513849
0.4035903 0.7997687 0.7966410
0.3837653 0.7907215 0.8255132
0.2790471 0.2307408 1.4902121
0.1712779 0.1369510 1.6917711
0.2233278 0.1633593 1.6133130
0.2210662 0.2022908 1.5766430
0.2674328 0.1684114 1.5641558
0.2561815 0.3864878 1.3573306
0.2027106 0.1761366 1.6211529
0.2580824 0.2365660 1.5053515
0.1955385 0.1689555 1.6355060
0.2822285 0.1487023 1.5690693
0.2173745 0.1814867 1.6011388
0.4723809 0.7261174 0.8015018
0.2379187 0.2014621 1.5606191
0.2203173 0.1448054 1.6348774
0.2442816 0.1707309 1.5849874
0.1978941 0.1629541 1.6391517
0.2742478 0.1646905 1.5610617
0.1729180 0.1104192 1.7166626
0.3075801 0.1776439 1.5147760
0.1668907 0.1286509 1.7044582
0.2401384 0.2839965 1.4758651
0.1717973 0.1233072 1.7048956
0.1885373 0.1413060 1.6701567
0.4065200 0.2566545 1.3368255
0.4371697 0.3867911 1.1760392
0.2087510 0.2167158 1.5745332
0.2193749 0.1912526 1.5893726
0.2348838 0.2062950 1.5588211
0.3982667 0.7317369 0.8699964
0.5228739 0.1951847 1.2819413
0.3948694 0.2281436 1.3769870
0.2220304 0.1916206 1.5863489
0.2126982 0.1450436 1.6422582
0.2939755 0.1745559 1.5314686
0.1970059 0.1733547 1.6296394
0.3170228 0.1577964 1.5251808
0.3568193 0.2394921 1.4036887
0.1866269 0.1409194 1.6724538
0.2566137 0.1849154 1.5584710
0.2006335 0.1731995 1.6261671
0.3269805 0.3428305 1.3301890
0.2017556 0.1665704 1.6316742
0.4118533 0.1791352 1.4090116
0.2476589 0.2481242 1.5042167
0.1855256 0.1201982 1.6942762
0.3115112 0.4571581 1.2313306
0.1906253 0.1733548 1.6360199
0.3505512 0.6677597 0.9816892
0.2624148 0.2115068 1.5260785
0.1545027 0.1174392 1.7280580
0.2234989 0.2305076 1.5459936
0.1904828 0.1435417 1.6659756
0.2518635 0.3528336 1.3953030
0.1852398 0.1668640 1.6478962
0.2337161 0.1956646 1.5706193
0.5583557 0.5010136 0.9406306
0.2576403 0.3325756 1.4097841
0.2890812 0.2190846 1.4918342
0.2292138 0.2063827 1.5644035
0.3607144 0.2238655 1.4154201
0.2620416 0.1782895 1.5596690
